time;latitude;longitude;velocity
2025-08-27T15:36:21.011Z;47.4819864;7.5446845;4.21
2025-08-27T15:36:26.013Z;47.4819978;7.5442156;8.04
2025-08-27T15:36:31.016Z;47.481992;7.5437654;5.12
2025-08-27T15:36:36.018Z;47.4820804;7.5435683;3.91
2025-08-27T15:36:41.012Z;47.4823587;7.5436408;7.97
2025-08-27T15:36:46.024Z;47.4827948;7.5437412;10.81
2025-08-27T15:36:51.011Z;47.4833269;7.5438667;11.61
2025-08-27T15:36:56.008Z;47.4837491;7.5439599;7.36
2025-08-27T15:37:01.010Z;47.4839442;7.5440569;2.98
time;latitude;longitude;velocity
2025-08-27T15:36:21.011Z;47.4819864;7.5446845;4.21
2025-08-27T15:36:26.013Z;47.4819978;7.5442156;8.04
2025-08-27T15:36:31.016Z;47.481992;7.5437654;5.12
2025-08-27T15:36:36.018Z;47.4820804;7.5435683;3.91
2025-08-27T15:36:41.012Z;47.4823587;7.5436408;7.97
2025-08-27T15:36:46.024Z;47.4827948;7.5437412;10.81
2025-08-27T15:36:51.011Z;47.4833269;7.5438667;11.61
2025-08-27T15:36:56.008Z;47.4837491;7.5439599;7.36
2025-08-27T15:37:01.010Z;47.4839442;7.5440569;2.98
