time;latitude;longitude;velocity
2025-08-23T05:33:20.415Z;46.8687967;9.8815026;0.0
2025-08-23T05:33:25.419Z;46.8687968;9.8815026;0.0
2025-08-23T05:33:30.412Z;46.8687967;9.8815026;0.0
2025-08-23T05:33:35.420Z;46.8687967;9.8815027;0.0
2025-08-23T05:33:40.419Z;46.8687967;9.8815026;0.0
2025-08-23T05:33:45.415Z;46.8687895;9.8815087;0.58
2025-08-23T05:33:50.422Z;46.8687695;9.8815991;1.44
2025-08-23T05:33:55.419Z;46.8686751;9.8816506;2.71
2025-08-23T05:34:00.411Z;46.8685367;9.8817708;3.99
2025-08-23T05:34:05.411Z;time;latitude;longitude;velocity
2025-08-23T05:33:20.415Z;46.8687967;9.8815026;0.0
2025-08-23T05:33:25.419Z;46.8687968;9.8815026;0.0
2025-08-23T05:33:30.412Z;46.8687967;9.8815026;0.0
2025-08-23T05:33:35.420Z;46.8687967;9.8815027;0.0
2025-08-23T05:33:40.419Z;46.8687967;9.8815026;0.0
2025-08-23T05:33:45.415Z;46.8687895;9.8815087;0.58
2025-08-23T05:33:50.422Z;46.8687695;9.8815991;1.44
2025-08-23T05:33:55.419Z;46.8686751;9.8816506;2.71
2025-08-23T05:34:00.411Z;46.8685367;9.8817708;3.99
2025-08-23T05:34:05.411Z;46.8684009;9.8819287;3.75
2025-08-23T05:34:10.409Z;46.8682742;9.8821081;4.21
2025-08-23T05:34:11.408Z;46.8682485;9.8821521;4.41
2025-08-23T05:34:15.408Z;46.8681341;9.8823145;4.44
2025-08-23T05:34:20.408Z;46.8679441;9.8823515;4.3
2025-08-23T05:34:25.419Z;46.8677387;9.8823156;4.88
2025-08-23T05:34:30.424Z;46.8675189;9.8822839;4.91
2025-08-23T05:34:35.410Z;46.8673154;9.8822291;4.58
2025-08-23T05:34:40.417Z;46.8671668;9.8822;3.02
2025-08-23T05:34:45.409Z;46.8670671;9.882187;2.63
2025-08-23T05:34:50.412Z;46.866946.8684009;9.8819287;3.75
2025-08-23T05:34:10.409Z;46.8682742;9.8821081;4.21
2025-08-23T05:34:11.408Z;46.8682485;9.8821521;4.41
2025-08-23T05:34:15.408Z;46.8681341;9.8823145;4.44
2025-08-23T05:34:20.408Z;46.8679441;9.8823515;4.3
2025-08-23T05:34:25.419Z;46.8677387;9.8823156;4.88
2025-08-23T05:34:30.424Z;46.8675189;9.8822839;4.91
2025-08-23T05:34:35.410Z;46.8673154;9.8822291;4.58
2025-08-23T05:34:40.417Z;46.8671668;9.8822;3.02
2025-08-23T05:34:45.409Z;46.8670671;9.882187;2.63
2025-08-23T05:34:50.412Z;46.8669037;9.8821585;4.1
2025-08-23T05:34:55.413Z;46.8667315;9.8822063;3.83
2025-08-23T05:35:00.423Z;46.8666378;9.8823744;2.83
2025-08-23T05:35:05.412Z;46.8665807;9.8825365;2.22
2025-08-23T05:35:06.409Z;46.8665753;9.882567;2.1
2025-08-23T05:35:10.415Z;46.8666183;9.8827239;3.41
2025-08-23T05:35:15.419Z;46.8668077;9.88291;5.71
2025-08-23T05:35:20.423Z;46.8670317;9.8831855;7.05
2025-08-23T05:35:25.423Z;46.8672749;9.8834848;6.99
2025-08-23T05:35:30.416Z;46.8675615;9.8836388;7.1
2025-08-23T05:35:35.423Z;46.8678868;9.88037;9.8821585;4.1
2025-08-23T05:34:55.413Z;46.8667315;9.8822063;3.83
2025-08-23T05:35:00.423Z;46.8666378;9.8823744;2.83
2025-08-23T05:35:05.412Z;46.8665807;9.8825365;2.22
2025-08-23T05:35:06.409Z;46.8665753;9.882567;2.1
2025-08-23T05:35:10.415Z;46.8666183;9.8827239;3.41
2025-08-23T05:35:15.419Z;46.8668077;9.88291;5.71
2025-08-23T05:35:20.423Z;46.8670317;9.8831855;7.05
2025-08-23T05:35:25.423Z;46.8672749;9.8834848;6.99
2025-08-23T05:35:30.416Z;46.8675615;9.8836388;7.1
2025-08-23T05:35:35.423Z;46.8678868;9.8836012;7.52
2025-08-23T05:35:40.423Z;46.8682256;9.8835188;7.91
2025-08-23T05:35:45.407Z;46.8685716;9.8834105;7.83
2025-08-23T05:35:50.415Z;46.8689105;9.8832977;7.77
2025-08-23T05:35:55.417Z;46.8692501;9.8831988;7.69
2025-08-23T05:36:00.414Z;46.869574;9.8830994;7.13
2025-08-23T05:36:05.407Z;46.8698165;9.8829508;4.86
2025-08-23T05:36:10.424Z;46.8699432;9.882861;2.27
2025-08-23T05:36:15.408Z;46.8699782;9.8830477;2.6
2025-08-23T05:36:20.407Z;46.8699059;9.8833828;6.41
2025-08-23T05:36:25.416Z;46.8698356;9.883847736012;7.52
2025-08-23T05:35:40.423Z;46.8682256;9.8835188;7.91
2025-08-23T05:35:45.407Z;46.8685716;9.8834105;7.83
2025-08-23T05:35:50.415Z;46.8689105;9.8832977;7.77
2025-08-23T05:35:55.417Z;46.8692501;9.8831988;7.69
2025-08-23T05:36:00.414Z;46.869574;9.8830994;7.13
2025-08-23T05:36:05.407Z;46.8698165;9.8829508;4.86
2025-08-23T05:36:10.424Z;46.8699432;9.882861;2.27
2025-08-23T05:36:15.408Z;46.8699782;9.8830477;2.6
2025-08-23T05:36:20.407Z;46.8699059;9.8833828;6.41
2025-08-23T05:36:25.416Z;46.8698356;9.8838477;7.63
2025-08-23T05:36:30.417Z;46.8697073;9.884326;7.96
2025-08-23T05:36:35.409Z;46.8695739;9.8848136;7.94
2025-08-23T05:36:40.423Z;46.8694467;9.8852763;7.58
2025-08-23T05:36:43.412Z;46.8693767;9.8855606;7.74
2025-08-23T05:36:45.424Z;46.8693274;9.8857508;7.88
2025-08-23T05:36:50.412Z;46.8692186;9.8862514;8.08
2025-08-23T05:36:55.409Z;46.8691598;9.8867742;8.24
2025-08-23T05:37:00.410Z;46.8690962;9.8872948;7.94
;7.63
2025-08-23T05:36:30.417Z;46.8697073;9.884326;7.96
2025-08-23T05:36:35.409Z;46.8695739;9.8848136;7.94
2025-08-23T05:36:40.423Z;46.8694467;9.8852763;7.58
2025-08-23T05:36:43.412Z;46.8693767;9.8855606;7.74
2025-08-23T05:36:45.424Z;46.8693274;9.8857508;7.88
2025-08-23T05:36:50.412Z;46.8692186;9.8862514;8.08
2025-08-23T05:36:55.409Z;46.8691598;9.8867742;8.24
2025-08-23T05:37:00.410Z;46.8690962;9.8872948;7.94
