time;latitude;longitude;velocity
2025-08-28T18:32:21.609Z;46.7938822;10.2876385;11.41
2025-08-28T18:32:26.610Z;46.7941124;10.2880027;4.83
2025-08-28T18:32:31.610Z;46.7941456;10.2876493;7.64
2025-08-28T18:32:36.610Z;46.7939506;10.2873029;4.88
2025-08-28T18:32:41.614Z;46.7938926;10.2872539;0.0
2025-08-28T18:32:46.615Z;46.7938926;10.2872539;0.0
2025-08-28T18:32:51.620Z;46.7938926;10.2872539;0.0
2025-08-28T18:32:56.627Z;46.7938926;10.2872539;0.0
2025-08-28T18:33:01.609Z;46.7938926;10.2872539;0.0
2025-08-28T18:33:06.610Z;46.7938926;10.2872539;0.0
2025-08-28T18:33:11.615Z;46.7938926;10.2872539;0.0
2025-08-28T18:33:16.621Z;46.7938926;10.2872539;0.0
2025-08-28T18:33:21.609Z;46.7938926;10.2872539;0.0
2025-08-28T18:33:26.615Z;46.7938926;10.2872539;0.0
2025-08-28T18:33:31.610Z;46.7938926;10.2872539;0.0
2025-08-28T18:33:36.609Z;46.7938926;10.2872539;0.0
2025-08-28T18:33:41.610Z;46.7938926;10.2872539;0.0
2025-08-28T18:33:46.612Z;46.7938926;10.2872539;0.0
2025-08-28T18:33:51.613Z;46.7938926;10.2872539;0.0
2025-08-28T18:33:56.626Z;46.7938926;10.2872539;0.0
2025-08-28T18:34:01.610Z;46.7938652;10.287235;1.02
2025-08-28T18:34:02.610Z;46.7938567;10.2872283;1.34
2025-08-28T18:34:06.609Z;46.7937695;10.2871349;4.17
2025-08-28T18:34:11.610Z;46.7936676;10.2868563;4.73
2025-08-28T18:34:16.610Z;46.7935856;10.286622;3.69
2025-08-28T18:34:21.609Z;46.7934324;10.2866363;3.49
2025-08-28T18:34:26.610Z;46.7934418;10.2869359;4.9
2025-08-28T18:34:31.611Z;46.7935529;10.2872959;6.65
2025-08-28T18:34:36.609Z;46.7936802;10.2877236;6.81
2025-08-28T18:34:41.610Z;46.7937774;10.2881273;5.96
2025-08-28T18:34:45.609Z;46.7937758;10.2883641;3.77
2025-08-28T18:34:46.620Z;46.7937763;10.2883951;3.23
2025-08-28T18:34:51.610Z;46.7938544;10.2885194;2.07
2025-08-28T18:34:56.611Z;46.7939893;10.2885461;2.97
2025-08-28T18:35:01.615Z;46.7941364;10.2886677;4.57
2025-08-28T18:35:06.610Z;46.794212;10.2888851;2.96
2025-08-28T18:35:11.610Z;46.7941306;10.28907;3.66
2025-08-28T18:35:16.610Z;46.7940846;10.2894066;6.33
2025-08-28T18:35:21.610Z;46.7942491;10.2897417;6.36
2025-08-28T18:35:26.610Z;46.794464;10.2901237;8.51
2025-08-28T18:35:31.612Z;46.7947174;10.2905809;8.38
2025-08-28T18:35:36.609Z;46.7949624;10.2908874;7.01
2025-08-28T18:35:41.610Z;46.7951231;10.2912153;5.63
2025-08-28T18:35:46.610Z;46.7951738;10.2916179;6.31
2025-08-28T18:35:51.615Z;46.7952108;10.292071;6.69
2025-08-28T18:35:56.611Z;46.79527;10.292432;4.81
2025-08-28T18:36:01.610Z;46.795404;10.2927372;6.35
2025-08-28T18:36:06.610Z;46.7955941;10.292949;4.75
2025-08-28T18:36:11.617Z;46.7956047;10.2932901;6.23
2025-08-28T18:36:16.618Z;46.7953948;10.2935882;5.52
2025-08-28T18:36:21.622Z;46.7952602;10.2938962;6.12
2025-08-28T18:36:26.612Z;46.795283;10.2943037;5.97
2025-08-28T18:36:31.610Z;46.7953814;10.2945787;3.58
2025-08-28T18:36:32.610Z;46.7953949;10.2946216;3.3
2025-08-28T18:36:36.610Z;46.7954112;10.294839;5.09
2025-08-28T18:36:41.608Z;46.7954834;10.2951766;5.18
2025-08-28T18:36:46.609Z;46.7956378;10.2954964;6.93
2025-08-28T18:36:51.611Z;46.7958724;10.2958412;6.9
2025-08-28T18:36:56.610Z;46.7961199;10.2960764;7.4
2025-08-28T18:37:01.612Z;46.7964417;10.2963596;8.63
2025-08-28T18:37:06.611Z;46.7967135;10.2967402;8.96
2025-08-28T18:37:09.610Z;46.7967941;10.2970765;9.21
2025-08-28T18:37:11.612Z;46.7968446;10.2973039;8.96
2025-08-28T18:37:16.610Z;46.7969916;10.2978041;7.05
2025-08-28T18:37:21.609Z;46.7970502;10.2982002;5.46
2025-08-28T18:37:25.609Z;46.7971003;10.2984117;4.42
2025-08-28T18:37:26.611Z;46.7971198;10.2984652;4.53
2025-08-28T18:37:31.610Z;46.7972612;10.2987857;5.75
2025-08-28T18:37:34.609Z;46.7973451;10.2989546;6.34
2025-08-28T18:37:36.609Z;46.7974102;10.2990987;6.8
2025-08-28T18:37:41.610Z;46.7975733;10.299505;7.32
2025-08-28T18:37:46.609Z;46.7977113;10.2999406;7.37
2025-08-28T18:37:51.610Z;46.7978578;10.3003643;7.05
2025-08-28T18:37:55.615Z;46.7979869;10.3006835;7.81
2025-08-28T18:37:56.613Z;46.7980218;10.300777;7.7
2025-08-28T18:38:01.610Z;46.7981585;10.3011664;6.19
2025-08-28T18:38:06.610Z;46.7982952;10.3015529;6.53
2025-08-28T18:38:11.615Z;46.7984251;10.301915;6.63
2025-08-28T18:38:16.609Z;46.7985194;10.3022481;4.01
2025-08-28T18:38:21.611Z;46.7985728;10.3023999;1.01
2025-08-28T18:38:26.622Z;46.7985721;10.302398;0.0
2025-08-28T18:38:31.611Z;46.7985721;10.302398;0.0
2025-08-28T18:38:36.611Z;46.7985826;10.302423;1.0
2025-08-28T18:38:41.609Z;46.7986585;10.3025415;3.16
2025-08-28T18:38:45.610Z;46.798719;10.3027021;3.95
2025-08-28T18:38:46.612Z;46.7987276;10.3027274;4.12
2025-08-28T18:38:51.609Z;46.798819;10.3029644;3.42
2025-08-28T18:39:01.610Z;46.7986894;10.3033422;4.51
2025-08-28T18:39:06.619Z;46.7984954;10.3035299;5.12
2025-08-28T18:39:11.610Z;46.7983664;10.3037605;3.71
2025-08-28T18:39:16.609Z;46.798351;10.3039676;3.61
2025-08-28T18:39:21.608Z;46.7984138;10.3042455;4.39
2025-08-28T18:39:26.611Z;46.7985147;10.3044341;3.49
2025-08-28T18:39:31.610Z;46.7985837;10.3044833;0.41
2025-08-28T18:39:32.611Z;46.7985837;10.3044833;0.0
2025-08-28T18:39:36.608Z;46.7985837;10.3044833;0.0
2025-08-28T18:39:41.610Z;46.7985837;10.3044833;0.0
2025-08-28T18:39:46.608Z;46.7986515;10.3045069;3.39
2025-08-28T18:39:51.608Z;46.7989116;10.3046147;7.29
2025-08-28T18:39:56.625Z;46.7992454;10.3047669;8.26
2025-08-28T18:40:01.608Z;46.7995353;10.305125;8.45
2025-08-28T18:40:06.608Z;46.7997576;10.305572;8.64
2025-08-28T18:40:11.611Z;46.7999129;10.3061306;9.65
2025-08-28T18:40:16.608Z;46.8001211;10.306664;9.63
2025-08-28T18:40:21.611Z;46.8004134;10.307158;10.41
2025-08-28T18:40:26.616Z;46.8007055;10.3077059;10.26
2025-08-28T18:40:31.612Z;46.8008342;10.3083189;9.57
2025-08-28T18:40:36.611Z;46.8008351;10.3089915;10.6
2025-08-28T18:40:39.611Z;46.8008946;10.3093928;12.02
2025-08-28T18:40:41.611Z;46.8009915;10.3097033;12.62
2025-08-28T18:40:46.609Z;46.8012716;10.310405;11.74
2025-08-28T18:40:51.611Z;46.8013409;10.3109977;7.79
2025-08-28T18:40:56.611Z;46.8014836;10.3112484;3.97
2025-08-28T18:41:01.608Z;46.8015825;10.3110215;4.1
2025-08-28T18:41:05.609Z;46.8014838;10.3107251;7.03
2025-08-28T18:41:06.609Z;46.8014614;10.3106499;7.84
2025-08-28T18:41:11.609Z;46.8012996;10.3100811;10.71
2025-08-28T18:41:16.608Z;46.8011453;10.3093233;13.23
2025-08-28T18:41:21.608Z;46.8010421;10.3084418;13.98
2025-08-28T18:41:26.608Z;46.8009377;10.3076982;9.27
2025-08-28T18:41:31.615Z;46.8008736;10.3072571;4.66
2025-08-28T18:41:36.609Z;46.8010298;10.3072033;3.41
2025-08-28T18:41:41.609Z;46.801046;10.3075666;6.51
2025-08-28T18:41:43.609Z;46.8010487;10.3077602;8.45
2025-08-28T18:41:46.608Z;46.8011016;10.3081585;10.67
2025-08-28T18:41:51.608Z;46.8013163;10.3087433;9.9
2025-08-28T18:41:56.609Z;46.8015437;10.3093008;11.35
2025-08-28T18:42:01.608Z;46.8017479;10.3100395;12.59
2025-08-28T18:42:06.608Z;46.8019944;10.3107437;12.01
2025-08-28T18:42:11.609Z;46.8023819;10.3112452;11.3
2025-08-28T18:42:16.609Z;46.8028408;10.3115002;11.32
2025-08-28T18:42:21.608Z;46.8032407;10.311857;10.23
2025-08-28T18:42:26.609Z;46.8034319;10.3124952;11.71
2025-08-28T18:42:31.608Z;46.8037888;10.3131411;13.34
2025-08-28T18:42:36.608Z;46.8042968;10.3136035;13.34
2025-08-28T18:42:41.609Z;46.8048396;10.3138473;12.35
2025-08-28T18:42:46.609Z;46.8052062;10.3142309;9.85
2025-08-28T18:42:51.609Z;46.8054193;10.3148807;12.54
2025-08-28T18:42:56.610Z;46.8058315;10.3155269;14.45
2025-08-28T18:43:01.609Z;46.8063179;10.316237;15.39
2025-08-28T18:43:06.612Z;46.8067197;10.3168532;12.69
2025-08-28T18:43:11.610Z;46.8069932;10.3176274;14.13
2025-08-28T18:43:16.609Z;46.8073126;10.3184401;14.99
2025-08-28T18:43:21.610Z;46.8077621;10.3192242;16.42
2025-08-28T18:43:26.610Z;46.8082241;10.3199697;15.09
2025-08-28T18:43:31.609Z;46.808688;10.3206083;13.09
2025-08-28T18:43:36.610Z;46.8090785;10.321163;12.09
2025-08-28T18:43:41.610Z;46.8095662;10.3215345;13.17
2025-08-28T18:43:46.609Z;46.8100869;10.3220032;14.37
2025-08-28T18:43:51.609Z;46.8103738;10.3226616;9.13
2025-08-28T18:43:56.610Z;46.8106213;10.3228944;5.98
2025-08-28T18:44:01.609Z;46.8109514;10.3228611;8.56
2025-08-28T18:44:06.612Z;46.8112665;10.3233169;12.11
2025-08-28T18:44:11.611Z;46.8114945;10.3240896;14.38
2025-08-28T18:44:16.609Z;46.8117137;10.3250297;15.11
2025-08-28T18:44:21.610Z;46.8121537;10.3258133;16.07
2025-08-28T18:44:26.612Z;46.8126149;10.326473;14.28
2025-08-28T18:44:31.610Z;46.812864;10.3271979;10.89
2025-08-28T18:44:35.611Z;46.8130583;10.3276772;11.83
2025-08-28T18:44:36.610Z;46.8131324;10.3277981;12.32
2025-08-28T18:44:41.617Z;46.8135398;10.3284646;14.39
2025-08-28T18:44:46.611Z;46.8139436;10.3291715;14.17
2025-08-28T18:44:51.616Z;46.8144446;10.3297391;14.48
2025-08-28T18:44:56.610Z;46.8150018;10.3299807;11.53
2025-08-28T18:45:01.617Z;46.8153559;10.3297604;8.36
2025-08-28T18:45:06.610Z;46.8156343;10.3292373;11.53
2025-08-28T18:45:11.613Z;46.8159477;10.3286888;9.31
2025-08-28T18:45:16.610Z;46.8162305;10.3286746;5.85
2025-08-28T18:45:21.619Z;46.8161285;10.3290715;7.85
2025-08-28T18:45:26.614Z;46.8160478;10.3296759;10.81
2025-08-28T18:45:31.616Z;46.815905;10.3304335;12.76
2025-08-28T18:45:36.611Z;46.815917;10.3312264;12.9
2025-08-28T18:45:41.611Z;46.8161507;10.3320174;12.71
2025-08-28T18:45:46.618Z;46.8163759;10.3325634;7.72
2025-08-28T18:45:51.611Z;46.8165265;10.3327318;2.56
2025-08-28T18:45:56.609Z;46.8166276;10.3329217;4.48
2025-08-28T18:45:59.613Z;46.8165917;10.3331515;5.77
2025-08-28T18:46:01.621Z;46.8165693;10.3333067;5.56
2025-08-28T18:46:06.627Z;46.8165705;10.3335778;3.88
2025-08-28T18:46:07.620Z;46.8165816;10.3336316;4.54
2025-08-28T18:46:11.615Z;46.8166377;10.333918;5.92
2025-08-28T18:46:16.617Z;46.816722;10.3343004;6.51
2025-08-28T18:46:20.609Z;46.8167506;10.334567;3.89
2025-08-28T18:46:21.621Z;46.8167538;10.3346141;3.39
2025-08-28T18:46:26.611Z;46.8168222;10.3348622;4.93
2025-08-28T18:46:31.610Z;46.8169424;10.3352176;7.04
2025-08-28T18:46:33.611Z;46.8169964;10.3353746;6.55
2025-08-28T18:46:36.611Z;46.8170913;10.3355998;6.46
2025-08-28T18:46:41.610Z;46.8172424;10.3359354;5.9
2025-08-28T18:46:46.611Z;46.8172932;10.336275;5.38
2025-08-28T18:46:50.611Z;46.8172299;10.3365632;6.51
2025-08-28T18:46:51.614Z;46.8172051;10.336652;6.42
2025-08-28T18:46:56.628Z;46.8171293;10.3369274;3.46
2025-08-28T18:47:01.616Z;46.8170675;10.3371466;4.08
2025-08-28T18:47:06.624Z;46.8169869;10.3374314;5.23
2025-08-28T18:47:10.617Z;46.8168914;10.3375884;2.76
2025-08-28T18:47:11.612Z;46.8168832;10.3375982;1.58
2025-08-28T18:47:16.611Z;46.8168714;10.3376111;0.0
2025-08-28T18:47:21.611Z;46.8168714;10.3376111;0.0
2025-08-28T18:47:26.611Z;46.8168714;10.3376111;0.0
2025-08-28T18:47:31.610Z;46.8168714;10.3376111;0.0
2025-08-28T18:47:36.611Z;46.8168714;10.3376111;0.0
2025-08-28T18:47:40.611Z;46.8168714;10.3376111;0.0
2025-08-28T18:47:41.611Z;46.8168714;10.3376111;0.0
2025-08-28T18:47:46.611Z;46.8168714;10.3376111;0.0
2025-08-28T18:47:51.611Z;46.8168714;10.3376111;0.0
2025-08-28T18:47:56.611Z;46.8168714;10.3376111;0.0
2025-08-28T18:48:01.611Z;46.8168659;10.3376172;0.0
2025-08-28T18:48:04.610Z;46.816832;10.3376586;1.76
2025-08-28T18:48:06.611Z;46.8168117;10.33771;2.69
2025-08-28T18:48:08.611Z;46.8167856;10.3378003;3.42
2025-08-28T18:48:11.611Z;46.8167512;10.337944;4.61
2025-08-28T18:48:15.611Z;46.8167037;10.3381409;3.87
2025-08-28T18:48:16.610Z;46.8166863;10.3382078;4.04
2025-08-28T18:48:26.615Z;46.8165241;10.338743;3.88
2025-08-28T18:48:31.622Z;46.816462;10.3389378;4.14
2025-08-28T18:48:36.625Z;46.8163994;10.3392694;5.82
2025-08-28T18:48:41.615Z;46.8163742;10.3397354;8.32
2025-08-28T18:48:46.612Z;46.8163651;10.340273;8.26
2025-08-28T18:48:51.611Z;46.8163825;10.3408829;10.04
2025-08-28T18:48:56.611Z;46.8165053;10.3415856;11.56
2025-08-28T18:49:01.609Z;46.8166924;10.342238;10.43
2025-08-28T18:49:06.611Z;46.816793;10.3429296;11.12
2025-08-28T18:49:08.611Z;46.8168174;10.3432053;11.63
2025-08-28T18:49:11.611Z;46.8168547;10.343673;12.68
2025-08-28T18:49:12.612Z;46.8168675;10.3438776;12.93
2025-08-28T18:49:16.611Z;46.816887;10.3445806;13.43
2025-08-28T18:49:21.610Z;46.8169391;10.3454156;12.66
2025-08-28T18:49:25.611Z;46.8171218;10.3460317;13.3
2025-08-28T18:49:26.610Z;46.8171733;10.3461924;13.15
2025-08-28T18:49:31.611Z;46.8174012;10.34693;11.9
2025-08-28T18:49:36.613Z;46.8175635;10.3476226;9.84
2025-08-28T18:49:41.610Z;46.8175414;10.348148;7.05
2025-08-28T18:49:46.612Z;46.8172327;10.3480499;8.08
2025-08-28T18:49:50.610Z;46.8170189;10.3478568;6.08
2025-08-28T18:49:51.611Z;46.8169638;10.3478735;5.8
2025-08-28T18:49:56.611Z;46.816858;10.3482552;8.03
2025-08-28T18:50:01.611Z;46.8171234;10.3488267;12.12
2025-08-28T18:50:06.612Z;46.8174185;10.3496194;14.58
2025-08-28T18:50:11.625Z;46.8176337;10.3504829;13.17
2025-08-28T18:50:16.610Z;46.8177942;10.3512399;11.43
2025-08-28T18:50:21.611Z;46.8177428;10.3520107;12.48
2025-08-28T18:50:26.611Z;46.8179432;10.3528736;14.24
2025-08-28T18:50:31.611Z;46.8181907;10.3537233;14.08
2025-08-28T18:50:36.611Z;46.8182203;10.3546316;13.43
2025-08-28T18:50:41.611Z;46.8183583;10.3555604;14.51
2025-08-28T18:50:46.611Z;46.8186463;10.356467;16.11
2025-08-28T18:50:51.610Z;46.8190125;10.357348;14.8
2025-08-28T18:50:56.608Z;46.8193253;10.358057;9.66
2025-08-28T18:51:01.610Z;46.8195549;10.3584332;6.02
2025-08-28T18:51:06.611Z;46.8194599;10.3586888;3.86
2025-08-28T18:51:11.610Z;46.819272;10.3584268;7.58
2025-08-28T18:51:16.613Z;46.8190184;10.358027;7.02
2025-08-28T18:51:21.611Z;46.8188267;10.3580056;2.66
2025-08-28T18:51:26.616Z;46.8188676;10.3582914;5.7
2025-08-28T18:51:31.616Z;46.8191233;10.3586697;9.82
2025-08-28T18:51:36.611Z;46.8195205;10.359145;13.12
2025-08-28T18:51:41.609Z;46.820006;10.3597261;13.52
2025-08-28T18:51:46.614Z;46.8203091;10.3602233;7.98
2025-08-28T18:51:51.610Z;46.8204338;10.3604861;2.15
2025-08-28T18:51:55.611Z;46.8204476;10.3605054;0.0
2025-08-28T18:51:56.608Z;46.8204476;10.3605054;0.0
2025-08-28T18:52:01.610Z;46.8204476;10.3605054;0.0
2025-08-28T18:52:06.611Z;46.8204473;10.3605049;0.0
2025-08-28T18:52:11.608Z;46.8205236;10.3605931;3.52
2025-08-28T18:52:16.611Z;46.8207039;10.3608553;8.14
2025-08-28T18:52:21.612Z;46.8208979;10.3614679;11.35
2025-08-28T18:52:26.609Z;46.8211201;10.3621536;12.92
2025-08-28T18:52:31.610Z;46.8215569;10.3626171;8.37
2025-08-28T18:52:36.612Z;46.8218891;10.3629154;9.01
2025-08-28T18:52:41.611Z;46.8222208;10.3632346;8.44
2025-08-28T18:52:46.609Z;46.8224562;10.3635114;4.3
2025-08-28T18:52:51.609Z;46.8225267;10.3636277;0.98
2025-08-28T18:52:52.610Z;46.8225342;10.3636401;0.28
2025-08-28T18:52:56.612Z;46.8225335;10.3636393;0.0
2025-08-28T18:53:01.609Z;46.8225335;10.3636393;0.0
2025-08-28T18:53:06.616Z;46.8225335;10.3636393;0.0
2025-08-28T18:53:11.617Z;46.8225335;10.3636393;0.0
2025-08-28T18:53:16.611Z;46.8225335;10.3636393;0.0
2025-08-28T18:53:21.611Z;46.8225335;10.3636393;0.0
2025-08-28T18:53:26.611Z;46.8225335;10.3636393;0.0
2025-08-28T18:53:31.612Z;46.8225603;10.3636857;0.73
2025-08-28T18:53:36.614Z;46.8225794;10.3637154;1.14
2025-08-28T18:53:39.627Z;46.82259;10.363731;0.24
2025-08-28T18:53:41.612Z;46.8225903;10.3637311;0.0
2025-08-28T18:53:46.618Z;46.8225903;10.3637311;0.0
2025-08-28T18:53:51.611Z;46.8225903;10.3637311;0.0
2025-08-28T18:53:56.616Z;46.8225903;10.3637311;0.0
2025-08-28T18:54:01.609Z;46.8225903;10.3637311;0.0
2025-08-28T18:54:03.611Z;46.8225903;10.3637311;0.0
2025-08-28T18:54:06.611Z;46.8225903;10.3637311;0.0
2025-08-28T18:54:11.609Z;46.8225903;10.3637311;0.0
2025-08-28T18:54:16.610Z;46.8225903;10.3637311;0.0
2025-08-28T18:54:21.611Z;46.8225903;10.3637311;0.0
2025-08-28T18:54:26.610Z;46.8225903;10.3637311;0.0
2025-08-28T18:54:31.610Z;46.8225903;10.3637311;0.0
2025-08-28T18:54:36.610Z;46.8225903;10.3637311;0.0
2025-08-28T18:54:41.611Z;46.8225903;10.3637311;0.0
2025-08-28T18:54:46.611Z;46.8225903;10.3637311;0.0
2025-08-28T18:54:51.612Z;46.8225903;10.3637311;0.0
2025-08-28T18:54:56.609Z;46.8226704;10.3638606;4.68
2025-08-28T18:55:01.609Z;46.8228033;10.3640525;4.61
2025-08-28T18:55:06.610Z;46.8229908;10.364217;5.21
2025-08-28T18:55:11.609Z;46.823238;10.3643516;6.04
2025-08-28T18:55:15.609Z;46.8234389;10.3645079;7.09
2025-08-28T18:55:16.612Z;46.8234896;10.3645737;7.07
2025-08-28T18:55:17.609Z;46.8235319;10.3646422;7.04
2025-08-28T18:55:21.609Z;46.8236507;10.3649441;6.85
2025-08-28T18:55:26.609Z;46.8237674;10.3653311;4.53
2025-08-28T18:55:27.612Z;46.8237804;10.3653613;4.26
2025-08-28T18:55:31.612Z;46.8238945;10.3656273;6.96
2025-08-28T18:55:36.612Z;46.8240869;10.3660888;9.27
2025-08-28T18:55:41.612Z;46.8242812;10.3664619;7.13
2025-08-28T18:55:46.610Z;46.8245272;10.3667887;7.98
2025-08-28T18:55:51.611Z;46.8248547;10.3672336;11.65
2025-08-28T18:55:56.610Z;46.8251568;10.3679331;14.55
2025-08-28T18:56:01.609Z;46.8256605;10.3686392;17.34
2025-08-28T18:56:06.613Z;46.826464;10.3689819;18.55
2025-08-28T18:56:11.608Z;46.8271369;10.3696925;20.38
2025-08-28T18:56:16.609Z;46.8278171;10.3706505;21.43
2025-08-28T18:56:19.628Z;46.8281681;10.3713124;21.69
2025-08-28T18:56:21.610Z;46.8283997;10.3717993;21.87
2025-08-28T18:56:26.610Z;46.8288919;10.3729358;20.25
2025-08-28T18:56:31.610Z;46.8291596;10.3741653;18.83
2025-08-28T18:56:36.611Z;46.8292986;10.3751897;11.89
2025-08-28T18:56:41.611Z;46.8296818;10.3756499;12.86
2025-08-28T18:56:46.611Z;46.8303409;10.3756403;15.75
2025-08-28T18:56:50.609Z;46.8309287;10.3756677;17.45
2025-08-28T18:56:51.615Z;46.8310671;10.3756919;17.12
2025-08-28T18:56:56.615Z;46.8316697;10.3760053;13.08
2025-08-28T18:57:01.611Z;46.8318205;10.376906;15.55
2025-08-28T18:57:06.611Z;46.8318336;10.3779803;17.34
2025-08-28T18:57:11.616Z;46.8319324;10.3790249;15.27
2025-08-28T18:57:16.610Z;46.8319185;10.3799865;14.57
2025-08-28T18:57:21.612Z;46.8317364;10.3808557;13.49
2025-08-28T18:57:26.609Z;46.8316674;10.3816747;11.47
2025-08-28T18:57:31.611Z;46.8317297;10.3822414;6.77
2025-08-28T18:57:36.613Z;46.8317532;10.3824397;0.44
2025-08-28T18:57:41.621Z;46.8317532;10.3824398;0.0
2025-08-28T18:57:46.621Z;46.8317636;10.3824748;1.78
2025-08-28T18:57:51.616Z;46.8318798;10.3828131;8.21
2025-08-28T18:57:56.611Z;46.832029;10.3834375;12.41
2025-08-28T18:58:01.611Z;46.8322225;10.3843388;15.74
2025-08-28T18:58:06.610Z;46.832428;10.3854074;17.8
2025-08-28T18:58:11.610Z;46.8327173;10.386538;19.06
2025-08-28T18:58:15.609Z;46.8330431;10.3874187;20.28
2025-08-28T18:58:16.609Z;46.8331518;10.3876596;19.74
2025-08-28T18:58:21.609Z;46.8336478;10.3886576;18.05
2025-08-28T18:58:26.609Z;46.8340368;10.3896909;18.03
2025-08-28T18:58:31.616Z;46.8341287;10.3908419;18.02
2025-08-28T18:58:36.609Z;46.8339464;10.3920043;18.42
2025-08-28T18:58:41.614Z;46.8338588;10.3931839;18.62
2025-08-28T18:58:46.621Z;46.8338851;10.394402;19.22
2025-08-28T18:58:51.612Z;46.8338208;10.3956474;18.24
2025-08-28T18:58:56.611Z;46.8338444;10.3968166;17.67
2025-08-28T18:59:01.611Z;46.8340248;10.3979697;18.66
2025-08-28T18:59:06.625Z;46.8342902;10.3990652;17.18
2025-08-28T18:59:11.616Z;46.8343289;10.4000878;15.22
2025-08-28T18:59:16.617Z;46.8344659;10.4010507;16.02
2025-08-28T18:59:21.614Z;46.8347856;10.4020173;16.9
2025-08-28T18:59:26.618Z;46.8349066;10.4031273;17.82
2025-08-28T18:59:31.629Z;46.8351562;10.4042098;17.49
2025-08-28T18:59:36.611Z;46.8354789;10.4052332;17.84
2025-08-28T18:59:41.614Z;46.8358944;10.4061665;14.13
2025-08-28T18:59:46.611Z;46.8361385;10.4067694;6.7
2025-08-28T18:59:51.627Z;46.8362753;10.4072047;8.86
2025-08-28T18:59:56.610Z;46.8364469;10.4078287;10.91
2025-08-28T19:00:01.621Z;46.8366796;10.4083982;8.75
2025-08-28T19:00:06.612Z;46.8368278;10.4087715;4.62
2025-08-28T19:00:11.610Z;46.8369348;10.409166;8.22
2025-08-28T19:00:14.620Z;46.8370214;10.4095144;10.41
2025-08-28T19:00:16.611Z;46.8370749;10.4097929;11.85
2025-08-28T19:00:21.627Z;46.8372282;10.4106819;15.41
2025-08-28T19:00:26.620Z;46.8375182;10.4116943;18.29
2025-08-28T19:00:31.611Z;46.837983;10.4126741;18.03
2025-08-28T19:00:36.615Z;46.8385047;10.4133881;15.32
2025-08-28T19:00:41.621Z;46.8391798;10.4136381;16.14
2025-08-28T19:00:46.617Z;46.8398945;10.4139693;17.56
2025-08-28T19:00:51.621Z;46.8404798;10.4148197;19.58
2025-08-28T19:00:54.611Z;46.8408144;10.4154002;18.91
2025-08-28T19:00:56.617Z;46.8410298;10.4157805;18.02
2025-08-28T19:00:57.622Z;46.8411333;10.4159631;17.63
2025-08-28T19:01:01.615Z;46.8415828;10.4166286;17.93
2025-08-28T19:01:06.612Z;46.8421856;10.4171727;15.1
2025-08-28T19:01:07.627Z;46.8423307;10.4172117;15.33
2025-08-28T19:01:11.611Z;46.8429101;10.4171966;17.12
2025-08-28T19:01:16.617Z;46.8437051;10.4172962;17.94
2025-08-28T19:01:17.621Z;46.8438622;10.4173308;17.56
2025-08-28T19:01:21.616Z;46.8444334;10.4176657;17.36
2025-08-28T19:01:26.620Z;46.8449757;10.4183538;14.29
2025-08-28T19:01:31.613Z;46.845435;10.4190422;14.97
2025-08-28T19:01:36.616Z;46.8459217;10.4198231;16.93
2025-08-28T19:01:41.617Z;46.8464438;10.4205868;15.45
2025-08-28T19:01:46.627Z;46.8471168;10.420844;16.86
2025-08-28T19:01:51.617Z;46.8479191;10.4208012;16.96
2025-08-28T19:01:56.617Z;46.8485693;10.4207819;14.15
2025-08-28T19:02:01.610Z;46.8491931;10.4209313;14.68
2025-08-28T19:02:02.614Z;46.8493267;10.4208882;15.25
2025-08-28T19:02:06.617Z;46.8498506;10.4206435;16.0
2025-08-28T19:02:11.617Z;46.8506232;10.4206708;18.52
2025-08-28T19:02:16.613Z;46.8514278;10.4208572;17.03
2025-08-28T19:02:21.625Z;46.8521322;10.4212914;17.61
2025-08-28T19:02:26.612Z;46.852829;10.4217863;17.62
2025-08-28T19:02:31.618Z;46.8536726;10.4217214;20.16
2025-08-28T19:02:34.615Z;46.8542034;10.4214772;21.36
2025-08-28T19:02:36.618Z;46.8545741;10.4212961;21.63
2025-08-28T19:02:41.612Z;46.8554469;10.420926;18.88
2025-08-28T19:02:46.618Z;46.8562659;10.421055;18.95
2025-08-28T19:02:51.615Z;46.8569235;10.4218795;19.05
2025-08-28T19:02:56.618Z;46.8573385;10.4228287;15.43
2025-08-28T19:03:01.617Z;46.8577541;10.4234164;10.47
2025-08-28T19:03:06.625Z;46.8580402;10.4234931;4.46
2025-08-28T19:03:10.625Z;46.8581737;10.4233492;5.38
2025-08-28T19:03:11.608Z;46.8582281;10.4233951;5.27
2025-08-28T19:03:16.615Z;46.8583805;10.4235764;2.19
2025-08-28T19:03:17.620Z;46.8583886;10.4235814;0.91
2025-08-28T19:03:21.626Z;46.8583842;10.4235778;0.0
2025-08-28T19:03:26.612Z;46.8583842;10.4235778;0.0
2025-08-28T19:03:31.609Z;46.8583992;10.4235857;0.19
2025-08-28T19:03:36.627Z;46.8585417;10.4236287;5.17
2025-08-28T19:03:41.617Z;46.8588479;10.4238204;9.17
2025-08-28T19:03:46.619Z;46.8591826;10.4243164;12.13
2025-08-28T19:03:51.627Z;46.8595112;10.4249518;12.16
2025-08-28T19:03:56.621Z;46.859903;10.4255287;11.96
2025-08-28T19:04:01.612Z;46.8603451;10.425942;11.94
2025-08-28T19:04:06.616Z;46.8607345;10.42653;12.84
2025-08-28T19:04:11.612Z;46.8609897;10.4272282;11.95
2025-08-28T19:04:16.621Z;46.8612132;10.428032;14.11
2025-08-28T19:04:21.611Z;46.8614914;10.4288406;13.57
2025-08-28T19:04:26.612Z;46.8617893;10.4296057;13.36
2025-08-28T19:04:31.609Z;46.8620205;10.4303855;13.11
2025-08-28T19:04:35.611Z;46.862121;10.431044;12.06
2025-08-28T19:04:36.621Z;46.8621415;10.4311866;11.56
2025-08-28T19:04:41.612Z;46.8622109;10.4317326;5.45
2025-08-28T19:04:45.614Z;46.8622207;10.4318663;0.81
2025-08-28T19:04:46.621Z;46.8622208;10.4318783;0.37
2025-08-28T19:04:51.628Z;46.8622204;10.4318783;0.0
2025-08-28T19:04:56.609Z;46.8622204;10.4318783;0.0
2025-08-28T19:05:01.619Z;46.8622204;10.4318783;0.0
2025-08-28T19:05:03.618Z;46.8622204;10.4318783;0.0
2025-08-28T19:05:06.611Z;46.8622204;10.4318783;0.0
2025-08-28T19:05:11.613Z;46.8622227;10.4319369;2.87
2025-08-28T19:05:16.628Z;46.8622209;10.4323349;8.69
2025-08-28T19:05:21.616Z;46.8621654;10.4329743;9.66
2025-08-28T19:05:26.610Z;46.8621681;10.4334761;5.89
2025-08-28T19:05:31.622Z;46.8622235;10.4337711;5.82
2025-08-28T19:05:36.611Z;46.8622753;10.4342953;9.53
2025-08-28T19:05:38.611Z;46.8623223;10.4345499;10.8
2025-08-28T19:05:41.609Z;46.8624179;10.4349533;10.38
2025-08-28T19:05:46.610Z;46.8626321;10.4355429;9.59
2025-08-28T19:05:51.610Z;46.862783;10.4358639;4.51
2025-08-28T19:05:56.622Z;46.8629486;10.4362088;7.46
2025-08-28T19:06:00.608Z;46.863144;10.4364904;6.98
2025-08-28T19:06:01.612Z;46.863193;10.4365452;6.02
2025-08-28T19:06:06.609Z;46.8633458;10.4367399;4.46
2025-08-28T19:06:11.611Z;46.8635275;10.4370907;9.11
2025-08-28T19:06:14.609Z;46.8636873;10.4374361;11.38
2025-08-28T19:06:16.610Z;46.8638055;10.4376912;12.71
2025-08-28T19:06:21.624Z;46.8641579;10.4384651;14.31
2025-08-28T19:06:26.623Z;46.8645619;10.4392311;14.51
2025-08-28T19:06:29.627Z;46.8648217;10.4396241;12.73
2025-08-28T19:06:31.618Z;46.8649771;10.4398607;12.06
2025-08-28T19:06:36.620Z;46.8652394;10.440321;5.42
2025-08-28T19:06:38.619Z;46.86526;10.4404545;2.74
2025-08-28T19:06:41.610Z;46.865306;10.4405728;4.5
2025-08-28T19:06:46.611Z;46.8656191;10.440741;9.53
2025-08-28T19:06:51.618Z;46.8661179;10.4409662;13.41
2025-08-28T19:06:56.628Z;46.8667442;10.4413146;16.27
2025-08-28T19:07:01.615Z;46.8674458;10.4418533;19.06
2025-08-28T19:07:06.626Z;46.8681472;10.4425839;18.96
2025-08-28T19:07:11.618Z;46.8688268;10.4433548;20.01
2025-08-28T19:07:16.611Z;46.869572;10.4441978;21.24
2025-08-28T19:07:21.610Z;46.8702591;10.4450942;20.2
2025-08-28T19:07:26.615Z;46.8707989;10.4460841;18.91
2025-08-28T19:07:31.612Z;46.8713498;10.4470874;20.71
2025-08-28T19:07:36.613Z;46.8719895;10.4480996;21.2
2025-08-28T19:07:41.613Z;46.8725792;10.4491941;22.13
2025-08-28T19:07:46.611Z;46.8730739;10.4504921;22.61
2025-08-28T19:07:51.619Z;46.8733211;10.4519049;22.49
2025-08-28T19:07:56.611Z;46.873288;10.4533534;20.8
2025-08-28T19:08:01.620Z;46.8734122;10.4546794;20.7
2025-08-28T19:08:06.614Z;46.8738617;10.4559242;22.34
2025-08-28T19:08:16.615Z;46.8756528;10.4574405;24.03
2025-08-28T19:08:17.620Z;46.8758604;10.4575007;23.4
2025-08-28T19:08:21.609Z;46.8766937;10.4577323;23.19
2025-08-28T19:08:26.610Z;46.8776314;10.4581212;21.4
2025-08-28T19:08:31.615Z;46.8784952;10.4586525;20.03
2025-08-28T19:08:36.610Z;46.8792833;10.4592093;19.08
2025-08-28T19:08:41.620Z;46.8800512;10.4597799;19.93
2025-08-28T19:08:46.616Z;46.8808812;10.4603825;21.04
2025-08-28T19:08:51.615Z;46.8817149;10.4609854;20.68
2025-08-28T19:08:56.618Z;46.8825451;10.4616708;21.26
2025-08-28T19:09:01.621Z;46.8831962;10.4625378;18.83
2025-08-28T19:09:06.611Z;46.8837094;10.4633915;15.78
2025-08-28T19:09:11.611Z;46.8841908;10.4640417;12.78
2025-08-28T19:09:16.610Z;46.8845851;10.4644194;8.57
2025-08-28T19:09:21.613Z;46.8848204;10.4644197;3.59
2025-08-28T19:09:26.610Z;46.8847349;10.4641577;5.45
2025-08-28T19:09:31.628Z;46.8844773;10.4638517;8.1
2025-08-28T19:09:36.627Z;46.8842103;10.4637157;4.5
2025-08-28T19:09:41.620Z;46.8841267;10.4638996;4.02
2025-08-28T19:09:46.615Z;46.8843415;10.4641776;7.43
2025-08-28T19:09:51.614Z;46.8846702;10.4644651;8.4
2025-08-28T19:09:56.619Z;46.8849358;10.4646691;6.18
2025-08-28T19:10:01.614Z;46.8851942;10.4647796;6.11
2025-08-28T19:10:06.609Z;46.8854892;10.4647744;7.97
2025-08-28T19:10:11.620Z;46.8858758;10.4651162;11.6
2025-08-28T19:10:16.611Z;46.8863547;10.4655319;12.92
2025-08-28T19:10:21.616Z;46.8868467;10.465956;12.75
2025-08-28T19:10:26.610Z;46.8873732;10.4664111;14.45
2025-08-28T19:10:28.616Z;46.8876059;10.4666112;15.56
2025-08-28T19:10:31.621Z;46.8879597;10.4669148;15.25
2025-08-28T19:10:36.612Z;46.8885809;10.4674656;16.59
2025-08-28T19:10:41.628Z;46.889164;10.468177;18.13
2025-08-28T19:10:42.609Z;46.889256;10.4683563;18.64
2025-08-28T19:10:46.617Z;46.8896602;10.4692268;20.68
2025-08-28T19:10:51.620Z;46.8902831;10.470284;20.96
2025-08-28T19:10:56.609Z;46.890989;10.471129;19.95
2025-08-28T19:11:01.614Z;46.8917898;10.4716191;20.37
2025-08-28T19:11:06.616Z;46.8926089;10.4720483;17.77
2025-08-28T19:11:11.613Z;46.8931882;10.4728662;18.91
2025-08-28T19:11:16.610Z;46.8937524;10.4738289;20.04
2025-08-28T19:11:21.616Z;46.8943628;10.474638;16.86
2025-08-28T19:11:26.609Z;46.8950697;10.474915;17.02
2025-08-28T19:11:31.611Z;46.8958796;10.4749226;18.96
2025-08-28T19:11:36.612Z;46.89674;10.4752015;20.64
2025-08-28T19:11:41.614Z;46.8975942;10.4752355;19.1
2025-08-28T19:11:46.608Z;46.8983878;10.4747132;18.31
2025-08-28T19:11:49.608Z;46.8988586;10.4746568;17.98
2025-08-28T19:11:51.610Z;46.8991755;10.4746929;18.58
2025-08-28T19:11:56.617Z;46.9000729;10.4747825;20.63
2025-08-28T19:12:01.610Z;46.9009274;10.4747987;18.39
2025-08-28T19:12:06.619Z;46.9016677;10.4751443;17.18
2025-08-28T19:12:11.629Z;46.9022674;10.4759311;18.99
2025-08-28T19:12:16.610Z;46.9029296;10.4766405;16.8
2025-08-28T19:12:21.616Z;46.9035856;10.476978;16.33
2025-08-28T19:12:26.617Z;46.9043737;10.4769465;17.87
2025-08-28T19:12:31.611Z;46.9051739;10.4770037;18.43
2025-08-28T19:12:36.622Z;46.9059992;10.4772965;18.91
2025-08-28T19:12:41.611Z;46.9067545;10.477569;15.87
2025-08-28T19:12:46.609Z;46.9073783;10.4777911;12.89
2025-08-28T19:12:51.611Z;46.9078471;10.4778202;9.13
2025-08-28T19:12:56.620Z;46.9081567;10.4778197;5.44
2025-08-28T19:13:01.622Z;46.9082766;10.4778128;0.48
2025-08-28T19:13:11.612Z;46.9087935;10.4776515;9.94
2025-08-28T19:13:16.623Z;46.9091868;10.4774196;10.16
2025-08-28T19:13:21.618Z;46.9096096;10.4771429;9.18
2025-08-28T19:13:26.609Z;46.910043;10.4769202;11.42
2025-08-28T19:13:31.624Z;46.9104914;10.4769174;9.39
2025-08-28T19:13:36.623Z;46.9109494;10.4771078;12.2
2025-08-28T19:13:41.621Z;46.9114935;10.4773864;11.56
2025-08-28T19:13:46.626Z;46.911916;10.4778025;11.67
2025-08-28T19:13:51.627Z;46.9121883;10.4784217;10.92
2025-08-28T19:13:56.621Z;46.9122772;10.4791318;11.83
2025-08-28T19:14:01.617Z;46.9123698;10.479863;8.97
2025-08-28T19:14:06.615Z;46.9125123;10.4804639;11.05
2025-08-28T19:14:07.614Z;46.9125636;10.48059;11.68
2025-08-28T19:14:11.610Z;46.9128209;10.4811604;14.36
2025-08-28T19:14:14.626Z;46.9130468;10.4815966;13.68
2025-08-28T19:14:16.614Z;46.91322;10.4818437;13.89
2025-08-28T19:14:21.609Z;46.9137933;10.4822102;14.53
2025-08-28T19:14:26.620Z;46.9144703;10.4820127;15.87
2025-08-28T19:14:28.610Z;46.914731;10.4819647;15.6
2025-08-28T19:14:31.627Z;46.9151431;10.4820257;15.1
2025-08-28T19:14:32.609Z;46.9152763;10.482021;15.4
2025-08-28T19:14:36.617Z;46.9158346;10.4820176;15.29
2025-08-28T19:14:41.622Z;46.9164337;10.4825269;17.06
2025-08-28T19:14:46.610Z;46.9169929;10.4832226;14.61
2025-08-28T19:14:51.609Z;46.9175522;10.4835941;13.48
2025-08-28T19:14:56.611Z;46.9181882;10.4834925;15.0
2025-08-28T19:15:01.622Z;46.9188081;10.4835849;12.56
2025-08-28T19:15:06.612Z;46.919309;10.4835158;9.91
2025-08-28T19:15:11.610Z;46.9196655;10.4839141;11.72
2025-08-28T19:15:16.611Z;46.9201312;10.4844511;13.71
2025-08-28T19:15:21.628Z;46.9206533;10.4848559;11.36
2025-08-28T19:15:25.617Z;46.9210103;10.4848913;9.45
2025-08-28T19:15:26.614Z;46.9210951;10.4848639;9.21
2025-08-28T19:15:31.622Z;46.9215542;10.4846258;12.38
2025-08-28T19:15:36.612Z;46.9220681;10.4843659;9.4
2025-08-28T19:15:41.611Z;46.9224915;10.4844589;10.67
2025-08-28T19:15:46.623Z;46.9229361;10.484811;12.04
2025-08-28T19:15:51.618Z;46.9234841;10.4849001;13.04
2025-08-28T19:15:56.609Z;46.9240353;10.4852993;13.68
2025-08-28T19:15:58.621Z;46.9242525;10.4854393;12.94
2025-08-28T19:16:01.627Z;46.9245083;10.4857234;10.06
2025-08-28T19:16:06.612Z;46.9248296;10.4857778;6.86
2025-08-28T19:16:11.618Z;46.9250978;10.4854025;9.91
2025-08-28T19:16:16.611Z;46.9255572;10.4851536;12.66
2025-08-28T19:16:21.617Z;46.9261713;10.4852646;14.13
2025-08-28T19:16:26.619Z;46.9268378;10.4851547;15.54
2025-08-28T19:16:31.612Z;46.9275424;10.4851408;15.35
2025-08-28T19:16:36.619Z;46.9281805;10.4851757;14.3
2025-08-28T19:16:40.609Z;46.9286828;10.4848632;15.76
2025-08-28T19:16:41.612Z;46.928812;10.4847737;15.8
2025-08-28T19:16:46.619Z;46.9294682;10.4843802;15.04
2025-08-28T19:16:51.627Z;46.9301085;10.4842837;15.06
2025-08-28T19:16:56.628Z;46.9307114;10.4845649;14.52
2025-08-28T19:16:59.623Z;46.9310981;10.4845276;14.2
2025-08-28T19:17:01.612Z;46.93136;10.4845042;13.55
2025-08-28T19:17:06.614Z;46.9319258;10.4848699;14.15
2025-08-28T19:17:10.616Z;46.9324247;10.4851418;15.47
2025-08-28T19:17:11.628Z;46.9325709;10.4852281;15.63
2025-08-28T19:17:14.611Z;46.9329534;10.48549;16.57
2025-08-28T19:17:16.617Z;46.9332262;10.4857262;16.93
2025-08-28T19:17:21.609Z;46.933806;10.4864799;18.46
2025-08-28T19:17:26.610Z;46.9344805;10.4872955;20.35
2025-08-28T19:17:31.614Z;46.9352869;10.4880845;22.3
2025-08-28T19:17:32.623Z;46.9354544;10.4882483;22.28
2025-08-28T19:17:36.609Z;46.9361331;10.4889465;23.84
2025-08-28T19:17:41.615Z;46.9369573;10.4899892;25.39
2025-08-28T19:17:46.610Z;46.9377304;10.4912482;26.01
2025-08-28T19:17:50.619Z;46.9383221;10.4922924;25.41
2025-08-28T19:17:51.618Z;46.9384813;10.4925306;25.64
2025-08-28T19:17:56.623Z;46.9393592;10.4936715;26.53
2025-08-28T19:18:00.612Z;46.9400414;10.494634;26.35
2025-08-28T19:18:01.627Z;46.9402061;10.4949073;25.9
2025-08-28T19:18:06.619Z;46.9409912;10.4961151;25.81
2025-08-28T19:18:09.612Z;46.9415506;10.4967461;25.85
2025-08-28T19:18:11.610Z;46.941916;10.4971706;25.59
2025-08-28T19:18:16.612Z;46.9427132;10.4983934;26.44
2025-08-28T19:18:21.627Z;46.9433795;10.4997939;25.33
2025-08-28T19:18:24.613Z;46.9437721;10.5006072;25.7
2025-08-28T19:18:26.618Z;46.9440626;10.5011423;25.9
2025-08-28T19:18:29.614Z;46.9445273;10.5019031;26.57
2025-08-28T19:18:31.609Z;46.9448566;10.5024003;25.74
2025-08-28T19:18:36.615Z;46.9455155;10.5035467;21.43
2025-08-28T19:18:41.623Z;46.945971;10.5046992;18.81
2025-08-28T19:18:46.620Z;46.9466172;10.5054913;20.05
2025-08-28T19:18:51.619Z;46.9475174;10.5057835;21.81
2025-08-28T19:18:56.611Z;46.9484815;10.5060304;22.09
2025-08-28T19:19:01.609Z;46.949287;10.5068785;22.25
2025-08-28T19:19:06.610Z;46.9499954;10.5076705;17.47
2025-08-28T19:19:11.610Z;46.9505396;10.5082975;14.52
2025-08-28T19:19:16.620Z;46.9509677;10.5088509;11.32
2025-08-28T19:19:21.610Z;46.9512859;10.50929;9.07
2025-08-28T19:19:26.614Z;46.9514836;10.5097366;5.9
2025-08-28T19:19:31.611Z;46.9516252;10.5101207;7.85
2025-08-28T19:19:36.611Z;46.9518021;10.5106019;7.83
2025-08-28T19:19:41.611Z;46.9520123;10.5108833;4.23
2025-08-28T19:19:45.610Z;46.9520895;10.5109569;1.49
2025-08-28T19:19:46.615Z;46.952102;10.5109679;1.7
2025-08-28T19:19:51.610Z;46.9523023;10.510954;6.51
2025-08-28T19:19:56.630Z;46.952649;10.5109211;7.83
2025-08-28T19:20:01.611Z;46.9527292;10.5106375;5.86
2025-08-28T19:20:06.620Z;46.9525066;10.5101864;10.13
2025-08-28T19:20:11.614Z;46.9522136;10.5095578;13.63
2025-08-28T19:20:16.628Z;46.9517718;10.5088992;13.83
2025-08-28T19:20:21.621Z;46.9512878;10.5082865;15.38
2025-08-28T19:20:26.612Z;46.9506891;10.5077315;15.88
2025-08-28T19:20:31.614Z;46.9501604;10.5071837;14.28
2025-08-28T19:20:35.614Z;46.9499488;10.5065797;12.9
2025-08-28T19:20:36.620Z;46.9499512;10.5064222;12.48
2025-08-28T19:20:41.619Z;46.9499328;10.5057771;8.28
2025-08-28T19:20:44.610Z;46.9497725;10.5055653;7.83
2025-08-28T19:20:46.619Z;46.9496256;10.5055443;8.53
2025-08-28T19:20:51.612Z;46.949247;10.5055291;8.7
2025-08-28T19:20:56.614Z;46.9489999;10.5050094;11.48
2025-08-28T19:21:01.624Z;46.9487001;10.5043378;12.83
2025-08-28T19:21:06.619Z;46.9483702;10.503659;12.49
2025-08-28T19:21:11.610Z;46.9480533;10.5030258;12.64
2025-08-28T19:21:16.628Z;46.9477113;10.502371;13.2
2025-08-28T19:21:21.616Z;46.9473593;10.5018293;9.2
2025-08-28T19:21:26.616Z;46.9470175;10.5019528;7.56
2025-08-28T19:21:29.613Z;46.9468554;10.5019138;5.9
2025-08-28T19:21:31.623Z;46.9468232;10.5017686;4.53
2025-08-28T19:21:36.611Z;46.9470444;10.5015569;6.99
2025-08-28T19:21:41.615Z;46.9473957;10.5013766;9.91
2025-08-28T19:21:46.614Z;46.9477956;10.5017453;11.46
2025-08-28T19:21:51.617Z;46.9480775;10.5019609;4.34
2025-08-28T19:21:53.624Z;46.9481123;10.5018779;3.01
2025-08-28T19:21:56.619Z;46.9480309;10.5017454;3.96
2025-08-28T19:22:00.618Z;46.9478359;10.5015735;7.53
2025-08-28T19:22:01.626Z;46.9477823;10.5014943;8.2
2025-08-28T19:22:06.614Z;46.9474873;10.5010367;11.37
2025-08-28T19:22:11.617Z;46.9470974;10.5007195;8.1
2025-08-28T19:22:16.618Z;46.9470425;10.5004749;2.81
2025-08-28T19:22:19.615Z;46.9471603;10.5005081;3.33
2025-08-28T19:22:21.621Z;46.9472309;10.5005699;4.85
2025-08-28T19:22:26.613Z;46.9475203;10.5007733;8.86
2025-08-28T19:22:31.611Z;46.9479092;10.5010857;11.03
2025-08-28T19:22:36.616Z;46.9482032;10.5013228;4.77
2025-08-28T19:22:38.616Z;46.9482683;10.5012686;2.91
2025-08-28T19:22:41.630Z;46.9482092;10.5011055;4.17
2025-08-28T19:22:46.620Z;46.9479344;10.5008849;8.56
2025-08-28T19:22:51.624Z;46.947621;10.5004996;10.58
2025-08-28T19:22:56.612Z;46.947304;10.4999233;12.03
2025-08-28T19:23:01.630Z;46.9469565;10.4994963;8.86
2025-08-28T19:23:06.622Z;46.9466894;10.4997745;8.79
2025-08-28T19:23:11.614Z;46.946479;10.5002208;6.66
2025-08-28T19:23:16.613Z;46.9463078;10.5000033;5.3
2025-08-28T19:23:19.612Z;46.9462638;10.4997457;7.65
2025-08-28T19:23:21.616Z;46.9462178;10.4995377;8.63
2025-08-28T19:23:26.613Z;46.9461275;10.4989391;10.13
2025-08-28T19:23:31.611Z;46.9461073;10.4982718;11.48
2025-08-28T19:23:34.613Z;46.9461029;10.4978274;10.46
2025-08-28T19:23:36.611Z;46.9460761;10.4975793;9.23
2025-08-28T19:23:41.622Z;46.9457603;10.4972674;10.06
2025-08-28T19:23:42.622Z;46.945684;10.4972032;10.02
2025-08-28T19:23:46.626Z;46.9455146;10.4967663;10.04
2025-08-28T19:23:51.620Z;46.9453412;10.4961591;10.86
2025-08-28T19:23:56.619Z;46.9449433;10.4957948;11.59
2025-08-28T19:24:01.612Z;46.9444774;10.4954684;12.24
2025-08-28T19:24:06.613Z;46.9440969;10.4948881;12.49
2025-08-28T19:24:11.618Z;46.9438824;10.4941593;12.62
2025-08-28T19:24:16.616Z;46.9436596;10.4934294;12.84
2025-08-28T19:24:21.628Z;46.9434791;10.492632;13.2
2025-08-28T19:24:25.623Z;46.9433878;10.4919514;13.45
2025-08-28T19:24:26.621Z;46.9433605;10.491796;13.4
2025-08-28T19:24:31.617Z;46.9430687;10.4910454;13.47
2025-08-28T19:24:36.611Z;46.9428017;10.490326;11.16
2025-08-28T19:24:41.627Z;46.9426539;10.4899052;5.38
2025-08-28T19:24:46.611Z;46.9428917;10.4898979;6.13
2025-08-28T19:24:51.620Z;46.9432046;10.4901695;9.7
2025-08-28T19:24:56.629Z;46.9435084;10.4904416;6.54
2025-08-28T19:25:01.612Z;46.9435874;10.4901422;5.93
2025-08-28T19:25:06.620Z;46.9433689;10.489743;9.29
2025-08-28T19:25:11.628Z;46.9430831;10.4892075;11.35
2025-08-28T19:25:16.628Z;46.9428119;10.4885794;12.46
2025-08-28T19:25:21.619Z;46.9427387;10.4877789;13.09
2025-08-28T19:25:26.614Z;46.9425977;10.4869326;12.78
2025-08-28T19:25:31.620Z;46.9426484;10.4862372;11.25
2025-08-28T19:25:36.614Z;46.9426547;10.485496;12.9
2025-08-28T19:25:39.622Z;46.9425884;10.4849799;13.82
2025-08-28T19:25:41.613Z;46.9425722;10.484611;14.45
2025-08-28T19:25:46.612Z;46.9426257;10.4836337;15.82
2025-08-28T19:25:50.614Z;46.9426613;10.4827857;16.93
2025-08-28T19:25:51.622Z;46.9426621;10.4825801;16.79
2025-08-28T19:25:56.622Z;46.9426458;10.4815238;16.63
2025-08-28T19:26:01.615Z;46.9428605;10.480416;18.56
2025-08-28T19:26:14.612Z;46.9436327;10.4776131;17.25
2025-08-28T19:26:21.612Z;46.9441998;10.4762276;17.26
2025-08-28T19:26:26.628Z;46.9446242;10.4753633;14.77
2025-08-28T19:26:29.611Z;46.9449131;10.4749851;14.65
2025-08-28T19:26:31.622Z;46.9450833;10.4746936;14.68
2025-08-28T19:26:51.613Z;46.9465663;10.4737428;12.96
2025-08-28T19:26:56.616Z;46.946981;10.4731468;12.7
2025-08-28T19:27:01.612Z;46.9473466;10.4726756;10.64
2025-08-28T19:27:06.613Z;46.947863;10.4727317;12.76
2025-08-28T19:27:11.624Z;46.9483771;10.4723924;12.66
2025-08-28T19:27:16.628Z;46.948732;10.4717529;13.41
2025-08-28T19:27:20.619Z;46.9490354;10.4712123;13.78
2025-08-28T19:27:21.626Z;46.9491299;10.4711137;13.89
2025-08-28T19:27:24.619Z;46.9494326;10.47076;14.43
2025-08-28T19:27:26.626Z;46.9496109;10.4705043;14.36
2025-08-28T19:27:31.611Z;46.9500048;10.4698119;15.15
2025-08-28T19:27:36.627Z;46.9503073;10.4690307;12.58
2025-08-28T19:27:41.623Z;46.9504202;10.4682972;12.12
2025-08-28T19:27:46.624Z;46.9504393;10.4674429;13.42
2025-08-28T19:27:51.627Z;46.9503486;10.4666722;10.7
2025-08-28T19:27:56.611Z;46.9505508;10.4660212;11.98
2025-08-28T19:28:01.622Z;46.9508094;10.4653128;13.02
2025-08-28T19:28:06.629Z;46.9512668;10.4648554;12.2
2025-08-28T19:28:11.617Z;46.9514678;10.46409;13.6
2025-08-28T19:28:16.614Z;46.9517661;10.4633225;13.7
2025-08-28T19:28:21.614Z;46.9522026;10.4626814;13.93
2025-08-28T19:28:26.614Z;46.9524304;10.4618546;13.78
2025-08-28T19:28:31.622Z;46.9525006;10.4611647;8.5
2025-08-28T19:28:36.610Z;46.9527321;10.4607384;9.64
2025-08-28T19:28:41.617Z;46.9531071;10.4602852;12.23
2025-08-28T19:28:46.614Z;46.9534024;10.459577;13.85
2025-08-28T19:28:47.612Z;46.95345;10.4594085;14.05
2025-08-28T19:28:51.612Z;46.9536616;10.45875;14.63
2025-08-28T19:28:56.621Z;46.9538529;10.4579873;10.6
2025-08-28T19:29:01.623Z;46.9541451;10.4576739;8.48
2025-08-28T19:29:06.610Z;46.9546026;10.4577577;10.98
2025-08-28T19:29:11.624Z;46.955092;10.4576282;12.26
2025-08-28T19:29:16.628Z;46.9555745;10.4571692;14.18
2025-08-28T19:29:21.627Z;46.9560977;10.4565466;15.15
2025-08-28T19:29:26.609Z;46.9566502;10.4561278;12.56
2025-08-28T19:29:31.618Z;46.9569726;10.4554185;14.0
2025-08-28T19:29:36.610Z;46.9571488;10.454662;9.45
2025-08-28T19:29:41.619Z;46.9569984;10.4541252;10.41
2025-08-28T19:29:46.614Z;46.956708;10.4534811;13.35
2025-08-28T19:29:56.616Z;46.9557276;10.4520826;17.39
2025-08-28T19:29:58.610Z;46.9555064;10.4517644;17.1
2025-08-28T19:30:06.612Z;46.9548187;10.4507096;9.51
2025-08-28T19:30:11.613Z;46.9547639;10.4500885;10.81
2025-08-28T19:30:16.610Z;46.9550345;10.4494215;12.19
2025-08-28T19:30:21.613Z;46.9552411;10.4486511;13.4
2025-08-28T19:30:25.621Z;46.9554351;10.447988;14.46
2025-08-28T19:30:26.617Z;46.9554776;10.4478459;14.64
2025-08-28T19:30:31.613Z;46.9557264;10.4470589;14.0
2025-08-28T19:30:36.613Z;46.9561269;10.446518;12.92
2025-08-28T19:30:39.627Z;46.9564418;10.4463813;12.77
2025-08-28T19:30:41.618Z;46.9566579;10.4462731;12.86
2025-08-28T19:30:42.618Z;46.9567566;10.4461933;12.8
2025-08-28T19:30:46.629Z;46.9571243;10.4458694;11.28
2025-08-28T19:30:51.622Z;46.9574455;10.4454848;10.3
2025-08-28T19:30:56.617Z;46.9573028;10.444848;11.73
2025-08-28T19:31:01.613Z;46.956907;10.444304;12.46
2025-08-28T19:31:06.622Z;46.9566901;10.44361;11.34
2025-08-28T19:31:09.616Z;46.9568114;10.443235;10.75
2025-08-28T19:31:11.618Z;46.9569214;10.4429644;11.57
2025-08-28T19:31:16.624Z;46.9572726;10.4422937;14.13
2025-08-28T19:31:21.619Z;46.9576012;10.4415821;13.19
2025-08-28T19:31:24.617Z;46.9578897;10.4412576;13.27
2025-08-28T19:31:26.612Z;46.9580015;10.440974;14.1
2025-08-28T19:31:31.621Z;46.958095;10.4400483;13.5
2025-08-28T19:31:33.620Z;46.9580425;10.4397235;13.38
2025-08-28T19:31:36.613Z;46.9579279;10.4392526;12.87
2025-08-28T19:31:41.610Z;46.9578864;10.4384442;11.63
2025-08-28T19:31:46.614Z;46.9577486;10.4376373;14.48
2025-08-28T19:31:51.621Z;46.9576812;10.436696;13.92
2025-08-28T19:31:56.629Z;46.9578871;10.4357323;16.98
2025-08-28T19:32:01.619Z;46.9580777;10.4347166;14.6
2025-08-28T19:32:06.615Z;46.9581155;10.4337616;13.31
2025-08-28T19:32:11.610Z;46.9580077;10.4328678;13.85
2025-08-28T19:32:16.629Z;46.9578972;10.4319376;14.49
2025-08-28T19:32:21.624Z;46.9577603;10.4310105;14.75
2025-08-28T19:32:26.617Z;46.957776;10.4299767;15.34
2025-08-28T19:32:31.614Z;46.9578971;10.429013;14.07
2025-08-28T19:32:36.610Z;46.9581552;10.4282245;13.57
2025-08-28T19:32:41.618Z;46.9585635;10.4274857;14.34
2025-08-28T19:32:46.611Z;46.9588992;10.4266802;14.76
2025-08-28T19:32:51.610Z;46.9591945;10.4258505;14.69
2025-08-28T19:32:56.617Z;46.9593278;10.4249525;12.87
2025-08-28T19:32:59.609Z;46.9594135;10.424499;10.85
2025-08-28T19:33:01.613Z;46.9594727;10.4242212;9.87
2025-08-28T19:33:03.615Z;46.9595692;10.4240304;9.25
2025-08-28T19:33:06.618Z;46.9597758;10.4238209;8.81
2025-08-28T19:33:10.610Z;46.9599075;10.4234401;9.21
2025-08-28T19:33:11.615Z;46.959939;10.423342;9.07
2025-08-28T19:33:16.609Z;46.9602509;10.4229156;9.73
2025-08-28T19:33:21.614Z;46.9604985;10.4225489;5.3
2025-08-28T19:33:26.619Z;46.9604626;10.4221687;6.4
2025-08-28T19:33:31.616Z;46.9604618;10.4216371;9.25
2025-08-28T19:33:36.612Z;46.9605864;10.4210264;10.5
2025-08-28T19:33:41.619Z;46.9607361;10.4203188;12.56
2025-08-28T19:33:46.612Z;46.961152;10.4196667;14.61
2025-08-28T19:33:49.616Z;46.9613502;10.4191577;15.95
2025-08-28T19:33:51.617Z;46.9614209;10.4187368;16.79
2025-08-28T19:33:56.616Z;46.9617421;10.417723;17.79
2025-08-28T19:34:01.619Z;46.9621084;10.4166739;18.2
2025-08-28T19:34:06.616Z;46.9621743;10.4154992;18.46
2025-08-28T19:34:08.618Z;46.9622392;10.4150489;17.78
2025-08-28T19:34:11.610Z;46.962378;10.4143932;17.13
2025-08-28T19:34:16.619Z;46.9624271;10.4133152;16.76
2025-08-28T19:34:21.615Z;46.962277;10.4122857;16.66
2025-08-28T19:34:26.611Z;46.9618167;10.4115388;14.42
2025-08-28T19:34:31.619Z;46.961463;10.4109527;11.55
2025-08-28T19:34:36.612Z;46.961007;10.4106667;11.65
2025-08-28T19:34:39.629Z;46.9608219;10.4102696;12.63
2025-08-28T19:34:41.616Z;46.9607793;10.4099326;13.24
2025-08-28T19:34:46.612Z;46.9605508;10.4091759;13.69
2025-08-28T19:34:51.618Z;46.9602274;10.4083851;14.33
2025-08-28T19:34:56.617Z;46.9599332;10.4075488;15.03
2025-08-28T19:35:01.626Z;46.9595743;10.4067075;15.13
2025-08-28T19:35:06.622Z;46.9592197;10.4059366;14.73
2025-08-28T19:35:11.622Z;46.958696;10.4054795;13.01
2025-08-28T19:35:16.611Z;46.9584067;10.4049579;10.26
2025-08-28T19:35:21.630Z;46.9582657;10.4042962;10.05
2025-08-28T19:35:26.620Z;46.9580964;10.4037884;8.58
2025-08-28T19:35:27.612Z;46.9580588;10.4036869;8.22
2025-08-28T19:35:31.612Z;46.9580184;10.4033246;6.63
2025-08-28T19:35:33.618Z;46.9580626;10.4031635;5.9
2025-08-28T19:35:36.621Z;46.958185;10.4031076;3.55
2025-08-28T19:35:41.618Z;46.9582229;10.4034245;5.88
2025-08-28T19:35:44.618Z;46.9582656;10.403684;7.68
2025-08-28T19:35:46.611Z;46.9583587;10.4038764;9.21
2025-08-28T19:35:51.614Z;46.9586181;10.4044242;10.31
2025-08-28T19:35:56.611Z;46.9589187;10.4047897;9.25
2025-08-28T19:36:01.612Z;46.9593194;10.404843;9.16
2025-08-28T19:36:04.621Z;46.9595254;10.4050167;8.52
2025-08-28T19:36:06.622Z;46.959669;10.4050387;8.54
2025-08-28T19:36:11.627Z;46.9600207;10.4051586;8.61
2025-08-28T19:36:16.622Z;46.9602638;10.4052511;3.46
2025-08-28T19:36:21.619Z;46.96032;10.4051005;2.19
2025-08-28T19:36:26.616Z;46.9603798;10.4048905;4.61
2025-08-28T19:36:31.617Z;46.9605011;10.4047503;3.8
2025-08-28T19:36:36.619Z;46.9605385;10.404589;2.16
2025-08-28T19:36:41.626Z;46.9605094;10.4044982;0.5
2025-08-28T19:36:42.616Z;46.9605069;10.4044962;0.22
2025-08-28T19:36:46.616Z;46.9605086;10.4045465;0.62
2025-08-28T19:36:49.628Z;46.9605101;10.4045695;0.53
2025-08-28T19:36:51.613Z;46.9605103;10.4045682;0.8
2025-08-28T19:36:55.615Z;46.960512;10.404606;0.61
2025-08-28T19:36:56.617Z;46.9605121;10.4046154;0.48
2025-08-28T19:37:01.618Z;46.9605056;10.4046691;0.84
2025-08-28T19:37:06.615Z;46.9605067;10.4046885;0.26
2025-08-28T19:37:10.618Z;46.960456;10.4046751;1.31
2025-08-28T19:37:11.617Z;46.9604532;10.4046741;1.43
2025-08-28T19:37:16.625Z;46.9603572;10.4046373;2.92
2025-08-28T19:37:21.622Z;46.9601895;10.4045059;4.91
2025-08-28T19:37:26.618Z;46.9599615;10.4043359;6.91
2025-08-28T19:37:30.628Z;46.9597194;10.4041763;7.7
2025-08-28T19:37:31.614Z;46.9596586;10.4041502;7.87
2025-08-28T19:37:36.628Z;46.959371;10.4040012;5.98
2025-08-28T19:37:41.627Z;46.9592106;10.4037487;5.4
2025-08-28T19:37:46.627Z;46.9592258;10.4033204;6.88
2025-08-28T19:37:48.615Z;46.9592728;10.4031495;6.22
2025-08-28T19:37:51.613Z;46.9593338;10.4029361;6.2
2025-08-28T19:37:56.612Z;46.9594677;10.4024882;9.18
2025-08-28T19:38:01.613Z;46.959766;10.402105;8.21
2025-08-28T19:38:06.627Z;46.9600651;10.4020109;5.08
2025-08-28T19:38:11.620Z;46.9601689;10.4018541;2.64
2025-08-28T19:38:16.618Z;46.960146;10.4016273;4.36
2025-08-28T19:38:21.610Z;46.960104;10.4012558;6.68
2025-08-28T19:38:22.611Z;46.9600859;10.4011532;7.29
2025-08-28T19:38:26.618Z;46.9599775;10.4007325;9.39
2025-08-28T19:38:31.615Z;46.9597909;10.4002018;8.59
2025-08-28T19:38:36.619Z;46.9596236;10.3997948;5.95
2025-08-28T19:38:41.618Z;46.9594914;10.3994834;5.83
2025-08-28T19:38:46.620Z;46.9594809;10.3991202;6.8
2025-08-28T19:38:51.615Z;46.9595814;10.3986338;7.5
2025-08-28T19:38:56.612Z;46.9596005;10.3981488;7.31
2025-08-28T19:39:01.617Z;46.9596982;10.397761;6.24
2025-08-28T19:39:06.613Z;46.9599033;10.3975385;4.8
2025-08-28T19:39:11.626Z;46.9598465;10.3972875;4.56
2025-08-28T19:39:16.611Z;46.959553;10.3973356;6.68
2025-08-28T19:39:21.623Z;46.959362;10.3975277;3.43
2025-08-28T19:39:26.617Z;46.959268;10.3974287;2.63
2025-08-28T19:39:31.623Z;46.959266;10.3971678;4.56
2025-08-28T19:39:35.623Z;46.9592153;10.3968678;6.99
2025-08-28T19:39:36.625Z;46.9591911;10.396768;7.57
2025-08-28T19:39:41.617Z;46.9590555;10.3962235;9.91
2025-08-28T19:39:46.625Z;46.9589003;10.3955842;11.47
2025-08-28T19:39:51.621Z;46.9586623;10.3948647;12.98
2025-08-28T19:39:56.610Z;46.9582436;10.3942376;13.75
2025-08-28T19:40:01.616Z;46.9579866;10.3934308;13.78
2025-08-28T19:40:06.616Z;46.9577456;10.3926071;13.61
2025-08-28T19:40:11.622Z;46.9575176;10.3917754;13.57
2025-08-28T19:40:16.621Z;46.9573042;10.3909608;13.54
2025-08-28T19:40:21.620Z;46.9571641;10.3901377;13.11
2025-08-28T19:40:26.611Z;46.9570532;10.3892909;12.93
2025-08-28T19:40:31.612Z;46.9569153;10.3884886;12.63
2025-08-28T19:40:36.623Z;46.9566336;10.3877631;13.34
2025-08-28T19:40:37.614Z;46.9565634;10.3876134;13.59
2025-08-28T19:40:41.624Z;46.9563133;10.3869915;14.33
2025-08-28T19:40:46.616Z;46.9560819;10.3861026;14.65
2025-08-28T19:40:51.627Z;46.9559542;10.3851262;15.43
2025-08-28T19:40:56.624Z;46.9559047;10.384174;14.4
2025-08-28T19:41:01.618Z;46.9560883;10.3833889;11.89
2025-08-28T19:41:06.615Z;46.956274;10.382728;10.78
2025-08-28T19:41:11.614Z;46.9560985;10.3820609;11.5
2025-08-28T19:41:16.614Z;46.9558706;10.3813592;12.03
2025-08-28T19:41:18.612Z;46.95578;10.3811058;12.17
2025-08-28T19:41:21.611Z;46.9555822;10.3807018;12.34
2025-08-28T19:41:26.613Z;46.9552062;10.380109;12.91
2025-08-28T19:41:31.613Z;46.9548151;10.37942;13.86
2025-08-28T19:41:36.613Z;46.9544347;10.3787455;13.66
2025-08-28T19:41:41.614Z;46.9540281;10.3781002;12.92
2025-08-28T19:41:46.612Z;46.9536373;10.3775113;12.02
2025-08-28T19:41:51.613Z;46.9533667;10.376908;10.83
2025-08-28T19:41:53.629Z;46.9532768;10.37666;10.98
2025-08-28T19:41:56.614Z;46.9530921;10.3762956;11.32
2025-08-28T19:41:57.615Z;46.9530246;10.3761857;11.46
2025-08-28T19:42:01.615Z;46.9527361;10.3757489;12.08
2025-08-28T19:42:06.620Z;46.9523446;10.3751662;12.96
2025-08-28T19:42:11.624Z;46.9519865;10.3744812;13.52
2025-08-28T19:42:16.613Z;46.9517693;10.3736186;14.35
2025-08-28T19:42:21.625Z;46.9515234;10.3728242;13.4
2025-08-28T19:42:26.614Z;46.9512182;10.3721334;11.16
2025-08-28T19:42:31.613Z;46.9509103;10.3717372;7.96
2025-08-28T19:42:36.614Z;46.9505967;10.3716223;6.97
2025-08-28T19:42:41.618Z;46.9503019;10.371465;6.96
2025-08-28T19:42:46.628Z;46.9500566;10.3711138;8.31
2025-08-28T19:42:51.626Z;46.9498249;10.3706577;8.96
2025-08-28T19:42:56.620Z;46.949623;10.3701391;9.25
2025-08-28T19:43:01.611Z;46.9493804;10.3696755;8.52
2025-08-28T19:43:06.613Z;46.9491925;10.3693165;5.15
2025-08-28T19:43:11.619Z;46.9491771;10.3691323;1.85
2025-08-28T19:43:16.627Z;46.9492984;10.3690175;4.24
2025-08-28T19:43:19.625Z;46.9494486;10.36892;5.92
2025-08-28T19:43:21.611Z;46.9495518;10.3688546;6.19
2025-08-28T19:43:26.627Z;46.9497773;10.3687452;4.57
2025-08-28T19:43:31.619Z;46.9499185;10.3690439;6.64
2025-08-28T19:43:33.628Z;46.9499702;10.3692096;7.21
2025-08-28T19:43:36.617Z;46.950054;10.3694594;6.61
2025-08-28T19:43:41.628Z;46.950157;10.3697998;4.77
2025-08-28T19:43:46.616Z;46.950051;10.3699578;2.07
2025-08-28T19:43:51.615Z;46.9500268;10.3699577;0.0
2025-08-28T19:43:56.619Z;46.9500268;10.3699577;0.0
2025-08-28T19:44:01.616Z;46.9500268;10.3699577;0.0
2025-08-28T19:44:06.613Z;46.9500268;10.3699577;0.0
2025-08-28T19:44:11.623Z;46.9500268;10.3699577;0.0
2025-08-28T19:44:16.615Z;46.9500268;10.3699577;0.0
2025-08-28T19:44:21.615Z;46.9500268;10.3699577;0.0
2025-08-28T19:44:26.619Z;46.9500268;10.3699577;0.0
2025-08-28T19:44:31.619Z;46.9500268;10.3699577;0.0
2025-08-28T19:44:36.619Z;46.9500268;10.3699577;0.0
2025-08-28T19:44:41.611Z;46.9500268;10.3699577;0.0
2025-08-28T19:44:46.615Z;46.9500268;10.3699577;0.0
2025-08-28T19:44:51.615Z;46.9500268;10.3699577;0.0
2025-08-28T19:44:56.615Z;46.9500268;10.3699577;0.0
2025-08-28T19:45:01.611Z;46.9500268;10.3699577;0.0
2025-08-28T19:45:06.619Z;46.9500268;10.3699577;0.0
2025-08-28T19:45:11.621Z;46.9500268;10.3699577;0.0
2025-08-28T19:45:16.624Z;46.9500268;10.3699577;0.0
2025-08-28T19:45:21.614Z;46.9500268;10.3699577;0.0
2025-08-28T19:45:26.625Z;46.9500268;10.3699577;0.0
2025-08-28T19:45:31.624Z;46.9500268;10.3699577;0.0
2025-08-28T19:45:36.627Z;46.9500086;10.3699729;0.61
2025-08-28T19:45:41.616Z;46.9499491;10.3700283;1.76
2025-08-28T19:45:46.623Z;46.9498984;10.3700739;0.81
2025-08-28T19:45:49.624Z;46.9499025;10.3700688;0.3
2025-08-28T19:45:51.615Z;46.949901;10.3700702;0.0
2025-08-28T19:48:27.449Z;46.9499415;10.3700347;0.0
2025-08-28T19:48:34.173Z;46.9499415;10.3700347;0.0
2025-08-28T19:48:37.117Z;46.9499415;10.3700347;0.0
2025-08-28T19:49:04.092Z;46.9499415;10.3700347;0.0
2025-08-28T19:49:13.819Z;46.9499415;10.3700347;0.0
2025-08-28T19:49:32.411Z;46.9499415;10.3700347;0.0
2025-08-28T19:49:37.563Z;46.9499415;10.3700347;0.0
2025-08-28T19:49:42.618Z;46.9499415;10.3700347;0.0
2025-08-28T19:49:48.792Z;46.9499415;10.3700347;0.0
2025-08-28T19:49:54.057Z;46.9499415;10.3700347;0.0
2025-08-28T19:50:14.973Z;46.9499415;10.3700347;0.0
2025-08-28T19:50:29.339Z;46.9499415;10.3700347;0.0
2025-08-28T19:50:34.343Z;46.9499415;10.3700347;0.0
2025-08-28T19:50:39.338Z;46.9499415;10.3700347;0.0
2025-08-28T19:50:44.345Z;46.9499415;10.3700347;0.0
2025-08-28T19:50:49.336Z;46.9499415;10.3700347;0.0
2025-08-28T19:50:54.346Z;46.9499415;10.3700347;0.0
2025-08-28T19:50:59.339Z;46.9499415;10.3700347;0.0
2025-08-28T19:51:04.371Z;46.9499415;10.3700347;0.0
2025-08-28T19:51:09.349Z;46.9499415;10.3700347;0.0
2025-08-28T19:51:14.343Z;46.9499415;10.3700347;0.0
2025-08-28T19:51:19.530Z;46.9499415;10.3700347;0.0
2025-08-28T19:51:24.534Z;46.9499415;10.3700347;0.0
2025-08-28T19:51:26.534Z;46.9499415;10.3700347;0.0
2025-08-28T19:51:29.533Z;46.9499415;10.3700347;0.0
2025-08-28T19:51:34.532Z;46.9499415;10.3700347;0.0
2025-08-28T19:53:58.881Z;46.9499415;10.3700347;0.0
2025-08-28T19:54:03.867Z;46.9499415;10.3700347;0.0
2025-08-28T19:54:05.997Z;46.9499415;10.3700347;0.0
2025-08-28T19:54:08.015Z;46.9499415;10.3700347;0.0
2025-08-28T19:54:11.174Z;46.9499415;10.3700347;0.0
2025-08-28T19:54:17.197Z;46.9499415;10.3700347;0.0
2025-08-28T19:54:23.026Z;46.9499415;10.3700347;0.0
2025-08-28T19:54:29.232Z;46.9499415;10.3700347;0.0
2025-08-28T19:54:44.850Z;46.9499415;10.3700347;0.0
2025-08-28T19:55:04.750Z;46.9499415;10.3700347;0.0
2025-08-28T19:55:18.225Z;46.9499415;10.3700347;0.0
2025-08-28T19:55:25.892Z;46.9499415;10.3700347;0.0
2025-08-28T19:55:31.725Z;46.9499415;10.3700347;0.0
2025-08-28T19:55:37.434Z;46.9499415;10.3700347;0.0
2025-08-28T19:55:55.295Z;46.9499415;10.3700347;0.0
2025-08-28T19:56:01.725Z;46.9499415;10.3700347;0.0
2025-08-28T19:56:15.736Z;46.9499415;10.3700347;0.0
2025-08-28T19:56:45.737Z;46.9499415;10.3700347;0.0
2025-08-28T19:56:50.737Z;46.9499415;10.3700347;0.0
2025-08-28T19:56:55.738Z;46.9499415;10.3700347;0.0
2025-08-28T19:57:00.736Z;46.9499415;10.3700347;0.0
2025-08-28T19:57:05.725Z;46.9499415;10.3700347;0.0
2025-08-28T19:57:10.738Z;46.9499415;10.3700347;0.0
2025-08-28T19:57:15.736Z;46.9499415;10.3700347;0.0
2025-08-28T19:57:20.737Z;46.9499415;10.3700347;0.0
2025-08-28T19:57:25.736Z;46.9499415;10.3700347;0.0
2025-08-28T19:57:30.738Z;46.9499415;10.3700347;0.0
2025-08-28T19:57:35.738Z;46.9499415;10.3700347;0.0
2025-08-28T19:57:40.739Z;46.9499415;10.3700347;0.0
2025-08-28T19:57:45.737Z;46.9499415;10.3700347;0.0
2025-08-28T19:57:50.722Z;46.9499415;10.3700347;0.0
2025-08-28T19:57:55.722Z;46.9499415;10.3700347;0.0
2025-08-28T19:58:00.932Z;46.9499415;10.3700347;0.0
2025-08-28T19:58:05.930Z;46.9499415;10.3700347;0.0
2025-08-28T19:58:10.922Z;46.9499415;10.3700347;0.0
2025-08-28T19:58:15.935Z;46.9499415;10.3700347;0.0
2025-08-28T19:58:20.939Z;46.9499415;10.3700347;0.0
2025-08-28T19:58:25.922Z;46.9499415;10.3700347;0.0
2025-08-28T19:58:30.923Z;46.9499415;10.3700347;0.0
2025-08-28T19:58:35.932Z;46.9499415;10.3700347;0.0
2025-08-28T19:58:40.932Z;46.9499415;10.3700347;0.0
2025-08-28T19:58:45.940Z;46.9499415;10.3700347;0.0
2025-08-28T19:58:50.923Z;46.9499415;10.3700347;0.0
2025-08-28T19:58:55.942Z;46.9499415;10.3700347;0.0
2025-08-28T19:59:00.942Z;46.9499415;10.3700347;0.0
2025-08-28T19:59:05.942Z;46.9499415;10.3700347;0.0
2025-08-28T19:59:10.942Z;46.9499415;10.3700347;0.0
2025-08-28T19:59:15.942Z;46.9499415;10.3700347;0.0
2025-08-28T19:59:20.923Z;46.9499415;10.3700347;0.0
2025-08-28T19:59:25.942Z;46.9499415;10.3700347;0.0
2025-08-28T19:59:27.923Z;46.9499415;10.3700347;0.0
2025-08-28T19:59:30.941Z;46.9499415;10.3700347;0.0
2025-08-28T19:59:35.925Z;46.9499415;10.3700347;0.0
2025-08-28T19:59:40.943Z;46.9499415;10.3700347;0.0
2025-08-28T19:59:45.972Z;46.9499415;10.3700347;0.0
2025-08-28T19:59:50.943Z;46.9499415;10.3700347;0.0
2025-08-28T19:59:51.942Z;46.9499415;10.3700347;0.0
2025-08-28T19:59:55.935Z;46.9499415;10.3700347;0.0
2025-08-28T19:59:57.934Z;46.9499415;10.3700347;0.0
2025-08-28T20:00:00.924Z;46.9499415;10.3700347;0.0
2025-08-28T20:00:03.943Z;46.9499415;10.3700347;0.0
2025-08-28T20:00:05.941Z;46.9499415;10.3700347;0.0
2025-08-28T20:00:08.942Z;46.9499415;10.3700347;0.0
2025-08-28T20:00:10.943Z;46.9499415;10.3700347;0.0
2025-08-28T20:00:15.932Z;46.9499415;10.3700347;0.0
2025-08-28T20:00:18.924Z;46.9499415;10.3700347;0.0
2025-08-28T20:00:20.943Z;46.9499415;10.3700347;0.0
2025-08-28T20:05:08.472Z;46.9499415;10.3700347;0.0
2025-08-28T20:05:09.393Z;46.9499415;10.3700347;0.0
2025-08-28T20:05:15.186Z;46.9499415;10.3700347;0.0
2025-08-28T20:05:20.948Z;46.9499415;10.3700347;0.0
2025-08-28T20:05:28.076Z;46.9499415;10.3700347;0.0
2025-08-28T20:05:33.849Z;46.9499415;10.3700347;0.0
2025-08-28T20:05:39.374Z;46.9499415;10.3700347;0.0
2025-08-28T20:05:47.726Z;46.9499415;10.3700347;0.0
2025-08-28T20:06:01.742Z;46.9499415;10.3700347;0.0
2025-08-28T20:06:28.707Z;46.9499415;10.3700347;0.0
2025-08-28T20:06:30.451Z;46.9499415;10.3700347;0.0
2025-08-28T20:06:37.598Z;46.9499415;10.3700347;0.0
2025-08-28T20:06:43.011Z;46.9499415;10.3700347;0.0
2025-08-28T20:07:04.460Z;46.9499415;10.3700347;0.0
2025-08-28T20:07:06.684Z;46.9499415;10.3700347;0.0
2025-08-28T20:07:28.783Z;46.9499415;10.3700347;0.0
2025-08-28T20:07:33.783Z;46.9499415;10.3700347;0.0
2025-08-28T20:07:38.784Z;46.9499415;10.3700347;0.0
2025-08-28T20:07:43.998Z;46.9499415;10.3700347;0.0
2025-08-28T20:07:48.997Z;46.9499415;10.3700347;0.0
2025-08-28T20:07:53.999Z;46.9499415;10.3700347;0.0
2025-08-28T20:07:58.999Z;46.9499415;10.3700347;0.0
2025-08-28T20:08:03.998Z;46.9499415;10.3700347;0.0
2025-08-28T20:08:08.998Z;46.9499415;10.3700347;0.0
2025-08-28T20:08:13.999Z;46.9499415;10.3700347;0.0
2025-08-28T20:08:18.998Z;46.9499415;10.3700347;0.0
2025-08-28T20:08:23.998Z;46.9499415;10.3700347;0.0
2025-08-28T20:08:28.998Z;46.9499415;10.3700347;0.0
2025-08-28T20:08:33.998Z;46.9499415;10.3700347;0.0
2025-08-28T20:08:38.998Z;46.9499415;10.3700347;0.0
2025-08-28T20:08:43.990Z;46.9499415;10.3700347;0.0
2025-08-28T20:08:48.998Z;46.9499415;10.3700347;0.0
2025-08-28T20:08:54Z;46.9499415;10.3700347;0.0
2025-08-28T20:08:58.998Z;46.9499415;10.3700347;0.0
2025-08-28T20:09:02.998Z;46.9499415;10.3700347;0.0
2025-08-28T20:09:03.998Z;46.9499415;10.3700347;0.0
2025-08-28T20:09:04.998Z;46.9499415;10.3700347;0.0
2025-08-28T20:09:08.998Z;46.9499415;10.3700347;0.0
2025-08-28T20:09:13.999Z;46.9499415;10.3700347;0.0
2025-08-28T20:09:19Z;46.9499415;10.3700347;0.0
2025-08-28T20:09:23.983Z;46.9499415;10.3700347;0.0
2025-08-28T20:09:24.999Z;46.9499415;10.3700347;0.0
2025-08-28T20:09:29.003Z;46.9499415;10.3700347;0.0
2025-08-28T20:09:34Z;46.9499415;10.3700347;0.0
2025-08-28T20:09:38.983Z;46.9499415;10.3700347;0.0
2025-08-28T20:09:43.984Z;46.9499415;10.3700347;0.0
2025-08-28T20:09:48.984Z;46.9499415;10.3700347;0.0
2025-08-28T20:09:53.984Z;46.9499415;10.3700347;0.0
2025-08-28T20:09:58.984Z;46.9499415;10.3700347;0.0
2025-08-28T20:10:02Z;46.9499415;10.3700347;0.0
2025-08-28T20:10:04Z;46.9499415;10.3700347;0.0
2025-08-28T20:10:05.001Z;46.9499415;10.3700347;0.0
2025-08-28T20:10:09.001Z;46.9499415;10.3700347;0.0
2025-08-28T20:10:13.999Z;46.9499415;10.3700347;0.0
2025-08-28T20:10:18.998Z;46.9499415;10.3700347;0.0
2025-08-28T20:10:23.999Z;46.9499415;10.3700347;0.0
2025-08-28T20:10:28.999Z;46.9499415;10.3700347;0.0
2025-08-28T20:10:33.999Z;46.9499415;10.3700347;0.0
2025-08-28T20:10:38.999Z;46.9499415;10.3700347;0.0
2025-08-28T20:10:42.999Z;46.9499415;10.3700347;0.0
2025-08-28T20:10:43.999Z;46.9499415;10.3700347;0.0
2025-08-28T20:10:48.999Z;46.9499415;10.3700347;0.0
2025-08-28T20:10:53.999Z;46.9499415;10.3700347;0.0
2025-08-28T20:10:58.998Z;46.9499415;10.3700347;0.0
2025-08-28T20:11:03.998Z;46.9499415;10.3700347;0.0
2025-08-28T20:11:08.999Z;46.9499415;10.3700347;0.0
2025-08-28T20:11:13.998Z;46.9499415;10.3700347;0.0
2025-08-28T20:11:18.994Z;46.9499415;10.3700347;0.0
2025-08-28T20:11:23.999Z;46.9499415;10.3700347;0.0
2025-08-28T20:11:28.999Z;46.9499415;10.3700347;0.0
2025-08-28T20:11:33.999Z;46.9499415;10.3700347;0.0
2025-08-28T20:11:38.999Z;46.9499415;10.3700347;0.0
2025-08-28T20:11:44Z;46.9499415;10.3700347;0.0
2025-08-28T20:11:48.999Z;46.9499415;10.3700347;0.0
2025-08-28T20:11:49.999Z;46.9499415;10.3700347;0.0
2025-08-28T20:11:54Z;46.9499415;10.3700347;0.0
2025-08-28T20:11:58.999Z;46.9499415;10.3700347;0.0
2025-08-28T20:12:04Z;46.9499415;10.3700347;0.0
2025-08-28T20:12:08.994Z;46.9499415;10.3700347;0.0
2025-08-28T20:12:09.999Z;46.9499415;10.3700347;0.0
2025-08-28T20:12:14.001Z;46.9499415;10.3700347;0.0
2025-08-28T20:12:16.001Z;46.9499415;10.3700347;0.0
2025-08-28T20:12:19.001Z;46.9499415;10.3700347;0.0
2025-08-28T20:12:24Z;46.9499415;10.3700347;0.0
2025-08-28T20:12:29.001Z;46.9499415;10.3700347;0.0
2025-08-28T20:12:34Z;46.9499415;10.3700347;0.0
2025-08-28T20:12:39Z;46.9499415;10.3700347;0.0
2025-08-28T20:12:44.001Z;46.9499415;10.3700347;0.0
2025-08-28T20:12:49Z;46.9499415;10.3700347;0.0
2025-08-28T20:12:50Z;46.9499415;10.3700347;0.0
2025-08-28T20:12:53.989Z;46.9499415;10.3700347;0.0
2025-08-28T20:12:59.001Z;46.9499415;10.3700347;0.0
2025-08-28T20:13:04.001Z;46.9499415;10.3700347;0.0
time;latitude;longitude;velocity
2025-08-28T18:32:21.609Z;46.7938822;10.2876385;11.41
2025-08-28T18:32:26.610Z;46.7941124;10.2880027;4.83
2025-08-28T18:32:31.610Z;46.7941456;10.2876493;7.64
2025-08-28T18:32:36.610Z;46.7939506;10.2873029;4.88
2025-08-28T18:32:41.614Z;46.7938926;10.2872539;0.0
2025-08-28T18:32:46.615Z;46.7938926;10.2872539;0.0
2025-08-28T18:32:51.620Z;46.7938926;10.2872539;0.0
2025-08-28T18:32:56.627Z;46.7938926;10.2872539;0.0
2025-08-28T18:33:01.609Z;46.7938926;10.2872539;0.0
2025-08-28T18:33:06.610Z;46.7938926;10.2872539;0.0
2025-08-28T18:33:11.615Z;46.7938926;10.2872539;0.0
2025-08-28T18:33:16.621Z;46.7938926;10.2872539;0.0
2025-08-28T18:33:21.609Z;46.7938926;10.2872539;0.0
2025-08-28T18:33:26.615Z;46.7938926;10.2872539;0.0
2025-08-28T18:33:31.610Z;46.7938926;10.2872539;0.0
2025-08-28T18:33:36.609Z;46.7938926;10.2872539;0.0
2025-08-28T18:33:41.610Z;46.7938926;10.2872539;0.0
2025-08-28T18:33:46.612Z;46.7938926;10.2872539;0.0
2025-08-28T18:33:51.613Z;46.7938926;10.2872539;0.0
2025-08-28T18:33:56.626Z;46.7938926;10.2872539;0.0
2025-08-28T18:34:01.610Z;46.7938652;10.287235;1.02
2025-08-28T18:34:02.610Z;46.7938567;10.2872283;1.34
2025-08-28T18:34:06.609Z;46.7937695;10.2871349;4.17
2025-08-28T18:34:11.610Z;46.7936676;10.2868563;4.73
2025-08-28T18:34:16.610Z;46.7935856;10.286622;3.69
2025-08-28T18:34:21.609Z;46.7934324;10.2866363;3.49
2025-08-28T18:34:26.610Z;46.7934418;10.2869359;4.9
2025-08-28T18:34:31.611Z;46.7935529;10.2872959;6.65
2025-08-28T18:34:36.609Z;46.7936802;10.2877236;6.81
2025-08-28T18:34:41.610Z;46.7937774;10.2881273;5.96
2025-08-28T18:34:45.609Z;46.7937758;10.2883641;3.77
2025-08-28T18:34:46.620Z;46.7937763;10.2883951;3.23
2025-08-28T18:34:51.610Z;46.7938544;10.2885194;2.07
2025-08-28T18:34:56.611Z;46.7939893;10.2885461;2.97
2025-08-28T18:35:01.615Z;46.7941364;10.2886677;4.57
2025-08-28T18:35:06.610Z;46.794212;10.2888851;2.96
2025-08-28T18:35:11.610Z;46.7941306;10.28907;3.66
2025-08-28T18:35:16.610Z;46.7940846;10.2894066;6.33
2025-08-28T18:35:21.610Z;46.7942491;10.2897417;6.36
2025-08-28T18:35:26.610Z;46.794464;10.2901237;8.51
2025-08-28T18:35:31.612Z;46.7947174;10.2905809;8.38
2025-08-28T18:35:36.609Z;46.7949624;10.2908874;7.01
2025-08-28T18:35:41.610Z;46.7951231;10.2912153;5.63
2025-08-28T18:35:46.610Z;46.7951738;10.2916179;6.31
2025-08-28T18:35:51.615Z;46.7952108;10.292071;6.69
2025-08-28T18:35:56.611Z;46.79527;10.292432;4.81
2025-08-28T18:36:01.610Z;46.795404;10.2927372;6.35
2025-08-28T18:36:06.610Z;46.7955941;10.292949;4.75
2025-08-28T18:36:11.617Z;46.7956047;10.2932901;6.23
2025-08-28T18:36:16.618Z;46.7953948;10.2935882;5.52
2025-08-28T18:36:21.622Z;46.7952602;10.2938962;6.12
2025-08-28T18:36:26.612Z;46.795283;10.2943037;5.97
2025-08-28T18:36:31.610Z;46.7953814;10.2945787;3.58
2025-08-28T18:36:32.610Z;46.7953949;10.2946216;3.3
2025-08-28T18:36:36.610Z;46.7954112;10.294839;5.09
2025-08-28T18:36:41.608Z;46.7954834;10.2951766;5.18
2025-08-28T18:36:46.609Z;46.7956378;10.2954964;6.93
2025-08-28T18:36:51.611Z;46.7958724;10.2958412;6.9
2025-08-28T18:36:56.610Z;46.7961199;10.2960764;7.4
2025-08-28T18:37:01.612Z;46.7964417;10.2963596;8.63
2025-08-28T18:37:06.611Z;46.7967135;10.2967402;8.96
2025-08-28T18:37:09.610Z;46.7967941;10.2970765;9.21
2025-08-28T18:37:11.612Z;46.7968446;10.2973039;8.96
2025-08-28T18:37:16.610Z;46.7969916;10.2978041;7.05
2025-08-28T18:37:21.609Z;46.7970502;10.2982002;5.46
2025-08-28T18:37:25.609Z;46.7971003;10.2984117;4.42
2025-08-28T18:37:26.611Z;46.7971198;10.2984652;4.53
2025-08-28T18:37:31.610Z;46.7972612;10.2987857;5.75
2025-08-28T18:37:34.609Z;46.7973451;10.2989546;6.34
2025-08-28T18:37:36.609Z;46.7974102;10.2990987;6.8
2025-08-28T18:37:41.610Z;46.7975733;10.299505;7.32
2025-08-28T18:37:46.609Z;46.7977113;10.2999406;7.37
2025-08-28T18:37:51.610Z;46.7978578;10.3003643;7.05
2025-08-28T18:37:55.615Z;46.7979869;10.3006835;7.81
2025-08-28T18:37:56.613Z;46.7980218;10.300777;7.7
2025-08-28T18:38:01.610Z;46.7981585;10.3011664;6.19
2025-08-28T18:38:06.610Z;46.7982952;10.3015529;6.53
2025-08-28T18:38:11.615Z;46.7984251;10.301915;6.63
2025-08-28T18:38:16.609Z;46.7985194;10.3022481;4.01
2025-08-28T18:38:21.611Z;46.7985728;10.3023999;1.01
2025-08-28T18:38:26.622Z;46.7985721;10.302398;0.0
2025-08-28T18:38:31.611Z;46.7985721;10.302398;0.0
2025-08-28T18:38:36.611Z;46.7985826;10.302423;1.0
2025-08-28T18:38:41.609Z;46.7986585;10.3025415;3.16
2025-08-28T18:38:45.610Z;46.798719;10.3027021;3.95
2025-08-28T18:38:46.612Z;46.7987276;10.3027274;4.12
2025-08-28T18:38:51.609Z;46.798819;10.3029644;3.42
2025-08-28T18:39:01.610Z;46.7986894;10.3033422;4.51
2025-08-28T18:39:06.619Z;46.7984954;10.3035299;5.12
2025-08-28T18:39:11.610Z;46.7983664;10.3037605;3.71
2025-08-28T18:39:16.609Z;46.798351;10.3039676;3.61
2025-08-28T18:39:21.608Z;46.7984138;10.3042455;4.39
2025-08-28T18:39:26.611Z;46.7985147;10.3044341;3.49
2025-08-28T18:39:31.610Z;46.7985837;10.3044833;0.41
2025-08-28T18:39:32.611Z;46.7985837;10.3044833;0.0
2025-08-28T18:39:36.608Z;46.7985837;10.3044833;0.0
2025-08-28T18:39:41.610Z;46.7985837;10.3044833;0.0
2025-08-28T18:39:46.608Z;46.7986515;10.3045069;3.39
2025-08-28T18:39:51.608Z;46.7989116;10.3046147;7.29
2025-08-28T18:39:56.625Z;46.7992454;10.3047669;8.26
2025-08-28T18:40:01.608Z;46.7995353;10.305125;8.45
2025-08-28T18:40:06.608Z;46.7997576;10.305572;8.64
2025-08-28T18:40:11.611Z;46.7999129;10.3061306;9.65
2025-08-28T18:40:16.608Z;46.8001211;10.306664;9.63
2025-08-28T18:40:21.611Z;46.8004134;10.307158;10.41
2025-08-28T18:40:26.616Z;46.8007055;10.3077059;10.26
2025-08-28T18:40:31.612Z;46.8008342;10.3083189;9.57
2025-08-28T18:40:36.611Z;46.8008351;10.3089915;10.6
2025-08-28T18:40:39.611Z;46.8008946;10.3093928;12.02
2025-08-28T18:40:41.611Z;46.8009915;10.3097033;12.62
2025-08-28T18:40:46.609Z;46.8012716;10.310405;11.74
2025-08-28T18:40:51.611Z;46.8013409;10.3109977;7.79
2025-08-28T18:40:56.611Z;46.8014836;10.3112484;3.97
2025-08-28T18:41:01.608Z;46.8015825;10.3110215;4.1
2025-08-28T18:41:05.609Z;46.8014838;10.3107251;7.03
2025-08-28T18:41:06.609Z;46.8014614;10.3106499;7.84
2025-08-28T18:41:11.609Z;46.8012996;10.3100811;10.71
2025-08-28T18:41:16.608Z;46.8011453;10.3093233;13.23
2025-08-28T18:41:21.608Z;46.8010421;10.3084418;13.98
2025-08-28T18:41:26.608Z;46.8009377;10.3076982;9.27
2025-08-28T18:41:31.615Z;46.8008736;10.3072571;4.66
2025-08-28T18:41:36.609Z;46.8010298;10.3072033;3.41
2025-08-28T18:41:41.609Z;46.801046;10.3075666;6.51
2025-08-28T18:41:43.609Z;46.8010487;10.3077602;8.45
2025-08-28T18:41:46.608Z;46.8011016;10.3081585;10.67
2025-08-28T18:41:51.608Z;46.8013163;10.3087433;9.9
2025-08-28T18:41:56.609Z;46.8015437;10.3093008;11.35
2025-08-28T18:42:01.608Z;46.8017479;10.3100395;12.59
2025-08-28T18:42:06.608Z;46.8019944;10.3107437;12.01
2025-08-28T18:42:11.609Z;46.8023819;10.3112452;11.3
2025-08-28T18:42:16.609Z;46.8028408;10.3115002;11.32
2025-08-28T18:42:21.608Z;46.8032407;10.311857;10.23
2025-08-28T18:42:26.609Z;46.8034319;10.3124952;11.71
2025-08-28T18:42:31.608Z;46.8037888;10.3131411;13.34
2025-08-28T18:42:36.608Z;46.8042968;10.3136035;13.34
2025-08-28T18:42:41.609Z;46.8048396;10.3138473;12.35
2025-08-28T18:42:46.609Z;46.8052062;10.3142309;9.85
2025-08-28T18:42:51.609Z;46.8054193;10.3148807;12.54
2025-08-28T18:42:56.610Z;46.8058315;10.3155269;14.45
2025-08-28T18:43:01.609Z;46.8063179;10.316237;15.39
2025-08-28T18:43:06.612Z;46.8067197;10.3168532;12.69
2025-08-28T18:43:11.610Z;46.8069932;10.3176274;14.13
2025-08-28T18:43:16.609Z;46.8073126;10.3184401;14.99
2025-08-28T18:43:21.610Z;46.8077621;10.3192242;16.42
2025-08-28T18:43:26.610Z;46.8082241;10.3199697;15.09
2025-08-28T18:43:31.609Z;46.808688;10.3206083;13.09
2025-08-28T18:43:36.610Z;46.8090785;10.321163;12.09
2025-08-28T18:43:41.610Z;46.8095662;10.3215345;13.17
2025-08-28T18:43:46.609Z;46.8100869;10.3220032;14.37
2025-08-28T18:43:51.609Z;46.8103738;10.3226616;9.13
2025-08-28T18:43:56.610Z;46.8106213;10.3228944;5.98
2025-08-28T18:44:01.609Z;46.8109514;10.3228611;8.56
2025-08-28T18:44:06.612Z;46.8112665;10.3233169;12.11
2025-08-28T18:44:11.611Z;46.8114945;10.3240896;14.38
2025-08-28T18:44:16.609Z;46.8117137;10.3250297;15.11
2025-08-28T18:44:21.610Z;46.8121537;10.3258133;16.07
2025-08-28T18:44:26.612Z;46.8126149;10.326473;14.28
2025-08-28T18:44:31.610Z;46.812864;10.3271979;10.89
2025-08-28T18:44:35.611Z;46.8130583;10.3276772;11.83
2025-08-28T18:44:36.610Z;46.8131324;10.3277981;12.32
2025-08-28T18:44:41.617Z;46.8135398;10.3284646;14.39
2025-08-28T18:44:46.611Z;46.8139436;10.3291715;14.17
2025-08-28T18:44:51.616Z;46.8144446;10.3297391;14.48
2025-08-28T18:44:56.610Z;46.8150018;10.3299807;11.53
2025-08-28T18:45:01.617Z;46.8153559;10.3297604;8.36
2025-08-28T18:45:06.610Z;46.8156343;10.3292373;11.53
2025-08-28T18:45:11.613Z;46.8159477;10.3286888;9.31
2025-08-28T18:45:16.610Z;46.8162305;10.3286746;5.85
2025-08-28T18:45:21.619Z;46.8161285;10.3290715;7.85
2025-08-28T18:45:26.614Z;46.8160478;10.3296759;10.81
2025-08-28T18:45:31.616Z;46.815905;10.3304335;12.76
2025-08-28T18:45:36.611Z;46.815917;10.3312264;12.9
2025-08-28T18:45:41.611Z;46.8161507;10.3320174;12.71
2025-08-28T18:45:46.618Z;46.8163759;10.3325634;7.72
2025-08-28T18:45:51.611Z;46.8165265;10.3327318;2.56
2025-08-28T18:45:56.609Z;46.8166276;10.3329217;4.48
2025-08-28T18:45:59.613Z;46.8165917;10.3331515;5.77
2025-08-28T18:46:01.621Z;46.8165693;10.3333067;5.56
2025-08-28T18:46:06.627Z;46.8165705;10.3335778;3.88
2025-08-28T18:46:07.620Z;46.8165816;10.3336316;4.54
2025-08-28T18:46:11.615Z;46.8166377;10.333918;5.92
2025-08-28T18:46:16.617Z;46.816722;10.3343004;6.51
2025-08-28T18:46:20.609Z;46.8167506;10.334567;3.89
2025-08-28T18:46:21.621Z;46.8167538;10.3346141;3.39
2025-08-28T18:46:26.611Z;46.8168222;10.3348622;4.93
2025-08-28T18:46:31.610Z;46.8169424;10.3352176;7.04
2025-08-28T18:46:33.611Z;46.8169964;10.3353746;6.55
2025-08-28T18:46:36.611Z;46.8170913;10.3355998;6.46
2025-08-28T18:46:41.610Z;46.8172424;10.3359354;5.9
2025-08-28T18:46:46.611Z;46.8172932;10.336275;5.38
2025-08-28T18:46:50.611Z;46.8172299;10.3365632;6.51
2025-08-28T18:46:51.614Z;46.8172051;10.336652;6.42
2025-08-28T18:46:56.628Z;46.8171293;10.3369274;3.46
2025-08-28T18:47:01.616Z;46.8170675;10.3371466;4.08
2025-08-28T18:47:06.624Z;46.8169869;10.3374314;5.23
2025-08-28T18:47:10.617Z;46.8168914;10.3375884;2.76
2025-08-28T18:47:11.612Z;46.8168832;10.3375982;1.58
2025-08-28T18:47:16.611Z;46.8168714;10.3376111;0.0
2025-08-28T18:47:21.611Z;46.8168714;10.3376111;0.0
2025-08-28T18:47:26.611Z;46.8168714;10.3376111;0.0
2025-08-28T18:47:31.610Z;46.8168714;10.3376111;0.0
2025-08-28T18:47:36.611Z;46.8168714;10.3376111;0.0
2025-08-28T18:47:40.611Z;46.8168714;10.3376111;0.0
2025-08-28T18:47:41.611Z;46.8168714;10.3376111;0.0
2025-08-28T18:47:46.611Z;46.8168714;10.3376111;0.0
2025-08-28T18:47:51.611Z;46.8168714;10.3376111;0.0
2025-08-28T18:47:56.611Z;46.8168714;10.3376111;0.0
2025-08-28T18:48:01.611Z;46.8168659;10.3376172;0.0
2025-08-28T18:48:04.610Z;46.816832;10.3376586;1.76
2025-08-28T18:48:06.611Z;46.8168117;10.33771;2.69
2025-08-28T18:48:08.611Z;46.8167856;10.3378003;3.42
2025-08-28T18:48:11.611Z;46.8167512;10.337944;4.61
2025-08-28T18:48:15.611Z;46.8167037;10.3381409;3.87
2025-08-28T18:48:16.610Z;46.8166863;10.3382078;4.04
2025-08-28T18:48:26.615Z;46.8165241;10.338743;3.88
2025-08-28T18:48:31.622Z;46.816462;10.3389378;4.14
2025-08-28T18:48:36.625Z;46.8163994;10.3392694;5.82
2025-08-28T18:48:41.615Z;46.8163742;10.3397354;8.32
2025-08-28T18:48:46.612Z;46.8163651;10.340273;8.26
2025-08-28T18:48:51.611Z;46.8163825;10.3408829;10.04
2025-08-28T18:48:56.611Z;46.8165053;10.3415856;11.56
2025-08-28T18:49:01.609Z;46.8166924;10.342238;10.43
2025-08-28T18:49:06.611Z;46.816793;10.3429296;11.12
2025-08-28T18:49:08.611Z;46.8168174;10.3432053;11.63
2025-08-28T18:49:11.611Z;46.8168547;10.343673;12.68
2025-08-28T18:49:12.612Z;46.8168675;10.3438776;12.93
2025-08-28T18:49:16.611Z;46.816887;10.3445806;13.43
2025-08-28T18:49:21.610Z;46.8169391;10.3454156;12.66
2025-08-28T18:49:25.611Z;46.8171218;10.3460317;13.3
2025-08-28T18:49:26.610Z;46.8171733;10.3461924;13.15
2025-08-28T18:49:31.611Z;46.8174012;10.34693;11.9
2025-08-28T18:49:36.613Z;46.8175635;10.3476226;9.84
2025-08-28T18:49:41.610Z;46.8175414;10.348148;7.05
2025-08-28T18:49:46.612Z;46.8172327;10.3480499;8.08
2025-08-28T18:49:50.610Z;46.8170189;10.3478568;6.08
2025-08-28T18:49:51.611Z;46.8169638;10.3478735;5.8
2025-08-28T18:49:56.611Z;46.816858;10.3482552;8.03
2025-08-28T18:50:01.611Z;46.8171234;10.3488267;12.12
2025-08-28T18:50:06.612Z;46.8174185;10.3496194;14.58
2025-08-28T18:50:11.625Z;46.8176337;10.3504829;13.17
2025-08-28T18:50:16.610Z;46.8177942;10.3512399;11.43
2025-08-28T18:50:21.611Z;46.8177428;10.3520107;12.48
2025-08-28T18:50:26.611Z;46.8179432;10.3528736;14.24
2025-08-28T18:50:31.611Z;46.8181907;10.3537233;14.08
2025-08-28T18:50:36.611Z;46.8182203;10.3546316;13.43
2025-08-28T18:50:41.611Z;46.8183583;10.3555604;14.51
2025-08-28T18:50:46.611Z;46.8186463;10.356467;16.11
2025-08-28T18:50:51.610Z;46.8190125;10.357348;14.8
2025-08-28T18:50:56.608Z;46.8193253;10.358057;9.66
2025-08-28T18:51:01.610Z;46.8195549;10.3584332;6.02
2025-08-28T18:51:06.611Z;46.8194599;10.3586888;3.86
2025-08-28T18:51:11.610Z;46.819272;10.3584268;7.58
2025-08-28T18:51:16.613Z;46.8190184;10.358027;7.02
2025-08-28T18:51:21.611Z;46.8188267;10.3580056;2.66
2025-08-28T18:51:26.616Z;46.8188676;10.3582914;5.7
2025-08-28T18:51:31.616Z;46.8191233;10.3586697;9.82
2025-08-28T18:51:36.611Z;46.8195205;10.359145;13.12
2025-08-28T18:51:41.609Z;46.820006;10.3597261;13.52
2025-08-28T18:51:46.614Z;46.8203091;10.3602233;7.98
2025-08-28T18:51:51.610Z;46.8204338;10.3604861;2.15
2025-08-28T18:51:55.611Z;46.8204476;10.3605054;0.0
2025-08-28T18:51:56.608Z;46.8204476;10.3605054;0.0
2025-08-28T18:52:01.610Z;46.8204476;10.3605054;0.0
2025-08-28T18:52:06.611Z;46.8204473;10.3605049;0.0
2025-08-28T18:52:11.608Z;46.8205236;10.3605931;3.52
2025-08-28T18:52:16.611Z;46.8207039;10.3608553;8.14
2025-08-28T18:52:21.612Z;46.8208979;10.3614679;11.35
2025-08-28T18:52:26.609Z;46.8211201;10.3621536;12.92
2025-08-28T18:52:31.610Z;46.8215569;10.3626171;8.37
2025-08-28T18:52:36.612Z;46.8218891;10.3629154;9.01
2025-08-28T18:52:41.611Z;46.8222208;10.3632346;8.44
2025-08-28T18:52:46.609Z;46.8224562;10.3635114;4.3
2025-08-28T18:52:51.609Z;46.8225267;10.3636277;0.98
2025-08-28T18:52:52.610Z;46.8225342;10.3636401;0.28
2025-08-28T18:52:56.612Z;46.8225335;10.3636393;0.0
2025-08-28T18:53:01.609Z;46.8225335;10.3636393;0.0
2025-08-28T18:53:06.616Z;46.8225335;10.3636393;0.0
2025-08-28T18:53:11.617Z;46.8225335;10.3636393;0.0
2025-08-28T18:53:16.611Z;46.8225335;10.3636393;0.0
2025-08-28T18:53:21.611Z;46.8225335;10.3636393;0.0
2025-08-28T18:53:26.611Z;46.8225335;10.3636393;0.0
2025-08-28T18:53:31.612Z;46.8225603;10.3636857;0.73
2025-08-28T18:53:36.614Z;46.8225794;10.3637154;1.14
2025-08-28T18:53:39.627Z;46.82259;10.363731;0.24
2025-08-28T18:53:41.612Z;46.8225903;10.3637311;0.0
2025-08-28T18:53:46.618Z;46.8225903;10.3637311;0.0
2025-08-28T18:53:51.611Z;46.8225903;10.3637311;0.0
2025-08-28T18:53:56.616Z;46.8225903;10.3637311;0.0
2025-08-28T18:54:01.609Z;46.8225903;10.3637311;0.0
2025-08-28T18:54:03.611Z;46.8225903;10.3637311;0.0
2025-08-28T18:54:06.611Z;46.8225903;10.3637311;0.0
2025-08-28T18:54:11.609Z;46.8225903;10.3637311;0.0
2025-08-28T18:54:16.610Z;46.8225903;10.3637311;0.0
2025-08-28T18:54:21.611Z;46.8225903;10.3637311;0.0
2025-08-28T18:54:26.610Z;46.8225903;10.3637311;0.0
2025-08-28T18:54:31.610Z;46.8225903;10.3637311;0.0
2025-08-28T18:54:36.610Z;46.8225903;10.3637311;0.0
2025-08-28T18:54:41.611Z;46.8225903;10.3637311;0.0
2025-08-28T18:54:46.611Z;46.8225903;10.3637311;0.0
2025-08-28T18:54:51.612Z;46.8225903;10.3637311;0.0
2025-08-28T18:54:56.609Z;46.8226704;10.3638606;4.68
2025-08-28T18:55:01.609Z;46.8228033;10.3640525;4.61
2025-08-28T18:55:06.610Z;46.8229908;10.364217;5.21
2025-08-28T18:55:11.609Z;46.823238;10.3643516;6.04
2025-08-28T18:55:15.609Z;46.8234389;10.3645079;7.09
2025-08-28T18:55:16.612Z;46.8234896;10.3645737;7.07
2025-08-28T18:55:17.609Z;46.8235319;10.3646422;7.04
2025-08-28T18:55:21.609Z;46.8236507;10.3649441;6.85
2025-08-28T18:55:26.609Z;46.8237674;10.3653311;4.53
2025-08-28T18:55:27.612Z;46.8237804;10.3653613;4.26
2025-08-28T18:55:31.612Z;46.8238945;10.3656273;6.96
2025-08-28T18:55:36.612Z;46.8240869;10.3660888;9.27
2025-08-28T18:55:41.612Z;46.8242812;10.3664619;7.13
2025-08-28T18:55:46.610Z;46.8245272;10.3667887;7.98
2025-08-28T18:55:51.611Z;46.8248547;10.3672336;11.65
2025-08-28T18:55:56.610Z;46.8251568;10.3679331;14.55
2025-08-28T18:56:01.609Z;46.8256605;10.3686392;17.34
2025-08-28T18:56:06.613Z;46.826464;10.3689819;18.55
2025-08-28T18:56:11.608Z;46.8271369;10.3696925;20.38
2025-08-28T18:56:16.609Z;46.8278171;10.3706505;21.43
2025-08-28T18:56:19.628Z;46.8281681;10.3713124;21.69
2025-08-28T18:56:21.610Z;46.8283997;10.3717993;21.87
2025-08-28T18:56:26.610Z;46.8288919;10.3729358;20.25
2025-08-28T18:56:31.610Z;46.8291596;10.3741653;18.83
2025-08-28T18:56:36.611Z;46.8292986;10.3751897;11.89
2025-08-28T18:56:41.611Z;46.8296818;10.3756499;12.86
2025-08-28T18:56:46.611Z;46.8303409;10.3756403;15.75
2025-08-28T18:56:50.609Z;46.8309287;10.3756677;17.45
2025-08-28T18:56:51.615Z;46.8310671;10.3756919;17.12
2025-08-28T18:56:56.615Z;46.8316697;10.3760053;13.08
2025-08-28T18:57:01.611Z;46.8318205;10.376906;15.55
2025-08-28T18:57:06.611Z;46.8318336;10.3779803;17.34
2025-08-28T18:57:11.616Z;46.8319324;10.3790249;15.27
2025-08-28T18:57:16.610Z;46.8319185;10.3799865;14.57
2025-08-28T18:57:21.612Z;46.8317364;10.3808557;13.49
2025-08-28T18:57:26.609Z;46.8316674;10.3816747;11.47
2025-08-28T18:57:31.611Z;46.8317297;10.3822414;6.77
2025-08-28T18:57:36.613Z;46.8317532;10.3824397;0.44
2025-08-28T18:57:41.621Z;46.8317532;10.3824398;0.0
2025-08-28T18:57:46.621Z;46.8317636;10.3824748;1.78
2025-08-28T18:57:51.616Z;46.8318798;10.3828131;8.21
2025-08-28T18:57:56.611Z;46.832029;10.3834375;12.41
2025-08-28T18:58:01.611Z;46.8322225;10.3843388;15.74
2025-08-28T18:58:06.610Z;46.832428;10.3854074;17.8
2025-08-28T18:58:11.610Z;46.8327173;10.386538;19.06
2025-08-28T18:58:15.609Z;46.8330431;10.3874187;20.28
2025-08-28T18:58:16.609Z;46.8331518;10.3876596;19.74
2025-08-28T18:58:21.609Z;46.8336478;10.3886576;18.05
2025-08-28T18:58:26.609Z;46.8340368;10.3896909;18.03
2025-08-28T18:58:31.616Z;46.8341287;10.3908419;18.02
2025-08-28T18:58:36.609Z;46.8339464;10.3920043;18.42
2025-08-28T18:58:41.614Z;46.8338588;10.3931839;18.62
2025-08-28T18:58:46.621Z;46.8338851;10.394402;19.22
2025-08-28T18:58:51.612Z;46.8338208;10.3956474;18.24
2025-08-28T18:58:56.611Z;46.8338444;10.3968166;17.67
2025-08-28T18:59:01.611Z;46.8340248;10.3979697;18.66
2025-08-28T18:59:06.625Z;46.8342902;10.3990652;17.18
2025-08-28T18:59:11.616Z;46.8343289;10.4000878;15.22
2025-08-28T18:59:16.617Z;46.8344659;10.4010507;16.02
2025-08-28T18:59:21.614Z;46.8347856;10.4020173;16.9
2025-08-28T18:59:26.618Z;46.8349066;10.4031273;17.82
2025-08-28T18:59:31.629Z;46.8351562;10.4042098;17.49
2025-08-28T18:59:36.611Z;46.8354789;10.4052332;17.84
2025-08-28T18:59:41.614Z;46.8358944;10.4061665;14.13
2025-08-28T18:59:46.611Z;46.8361385;10.4067694;6.7
2025-08-28T18:59:51.627Z;46.8362753;10.4072047;8.86
2025-08-28T18:59:56.610Z;46.8364469;10.4078287;10.91
2025-08-28T19:00:01.621Z;46.8366796;10.4083982;8.75
2025-08-28T19:00:06.612Z;46.8368278;10.4087715;4.62
2025-08-28T19:00:11.610Z;46.8369348;10.409166;8.22
2025-08-28T19:00:14.620Z;46.8370214;10.4095144;10.41
2025-08-28T19:00:16.611Z;46.8370749;10.4097929;11.85
2025-08-28T19:00:21.627Z;46.8372282;10.4106819;15.41
2025-08-28T19:00:26.620Z;46.8375182;10.4116943;18.29
2025-08-28T19:00:31.611Z;46.837983;10.4126741;18.03
2025-08-28T19:00:36.615Z;46.8385047;10.4133881;15.32
2025-08-28T19:00:41.621Z;46.8391798;10.4136381;16.14
2025-08-28T19:00:46.617Z;46.8398945;10.4139693;17.56
2025-08-28T19:00:51.621Z;46.8404798;10.4148197;19.58
2025-08-28T19:00:54.611Z;46.8408144;10.4154002;18.91
2025-08-28T19:00:56.617Z;46.8410298;10.4157805;18.02
2025-08-28T19:00:57.622Z;46.8411333;10.4159631;17.63
2025-08-28T19:01:01.615Z;46.8415828;10.4166286;17.93
2025-08-28T19:01:06.612Z;46.8421856;10.4171727;15.1
2025-08-28T19:01:07.627Z;46.8423307;10.4172117;15.33
2025-08-28T19:01:11.611Z;46.8429101;10.4171966;17.12
2025-08-28T19:01:16.617Z;46.8437051;10.4172962;17.94
2025-08-28T19:01:17.621Z;46.8438622;10.4173308;17.56
2025-08-28T19:01:21.616Z;46.8444334;10.4176657;17.36
2025-08-28T19:01:26.620Z;46.8449757;10.4183538;14.29
2025-08-28T19:01:31.613Z;46.845435;10.4190422;14.97
2025-08-28T19:01:36.616Z;46.8459217;10.4198231;16.93
2025-08-28T19:01:41.617Z;46.8464438;10.4205868;15.45
2025-08-28T19:01:46.627Z;46.8471168;10.420844;16.86
2025-08-28T19:01:51.617Z;46.8479191;10.4208012;16.96
2025-08-28T19:01:56.617Z;46.8485693;10.4207819;14.15
2025-08-28T19:02:01.610Z;46.8491931;10.4209313;14.68
2025-08-28T19:02:02.614Z;46.8493267;10.4208882;15.25
2025-08-28T19:02:06.617Z;46.8498506;10.4206435;16.0
2025-08-28T19:02:11.617Z;46.8506232;10.4206708;18.52
2025-08-28T19:02:16.613Z;46.8514278;10.4208572;17.03
2025-08-28T19:02:21.625Z;46.8521322;10.4212914;17.61
2025-08-28T19:02:26.612Z;46.852829;10.4217863;17.62
2025-08-28T19:02:31.618Z;46.8536726;10.4217214;20.16
2025-08-28T19:02:34.615Z;46.8542034;10.4214772;21.36
2025-08-28T19:02:36.618Z;46.8545741;10.4212961;21.63
2025-08-28T19:02:41.612Z;46.8554469;10.420926;18.88
2025-08-28T19:02:46.618Z;46.8562659;10.421055;18.95
2025-08-28T19:02:51.615Z;46.8569235;10.4218795;19.05
2025-08-28T19:02:56.618Z;46.8573385;10.4228287;15.43
2025-08-28T19:03:01.617Z;46.8577541;10.4234164;10.47
2025-08-28T19:03:06.625Z;46.8580402;10.4234931;4.46
2025-08-28T19:03:10.625Z;46.8581737;10.4233492;5.38
2025-08-28T19:03:11.608Z;46.8582281;10.4233951;5.27
2025-08-28T19:03:16.615Z;46.8583805;10.4235764;2.19
2025-08-28T19:03:17.620Z;46.8583886;10.4235814;0.91
2025-08-28T19:03:21.626Z;46.8583842;10.4235778;0.0
2025-08-28T19:03:26.612Z;46.8583842;10.4235778;0.0
2025-08-28T19:03:31.609Z;46.8583992;10.4235857;0.19
2025-08-28T19:03:36.627Z;46.8585417;10.4236287;5.17
2025-08-28T19:03:41.617Z;46.8588479;10.4238204;9.17
2025-08-28T19:03:46.619Z;46.8591826;10.4243164;12.13
2025-08-28T19:03:51.627Z;46.8595112;10.4249518;12.16
2025-08-28T19:03:56.621Z;46.859903;10.4255287;11.96
2025-08-28T19:04:01.612Z;46.8603451;10.425942;11.94
2025-08-28T19:04:06.616Z;46.8607345;10.42653;12.84
2025-08-28T19:04:11.612Z;46.8609897;10.4272282;11.95
2025-08-28T19:04:16.621Z;46.8612132;10.428032;14.11
2025-08-28T19:04:21.611Z;46.8614914;10.4288406;13.57
2025-08-28T19:04:26.612Z;46.8617893;10.4296057;13.36
2025-08-28T19:04:31.609Z;46.8620205;10.4303855;13.11
2025-08-28T19:04:35.611Z;46.862121;10.431044;12.06
2025-08-28T19:04:36.621Z;46.8621415;10.4311866;11.56
2025-08-28T19:04:41.612Z;46.8622109;10.4317326;5.45
2025-08-28T19:04:45.614Z;46.8622207;10.4318663;0.81
2025-08-28T19:04:46.621Z;46.8622208;10.4318783;0.37
2025-08-28T19:04:51.628Z;46.8622204;10.4318783;0.0
2025-08-28T19:04:56.609Z;46.8622204;10.4318783;0.0
2025-08-28T19:05:01.619Z;46.8622204;10.4318783;0.0
2025-08-28T19:05:03.618Z;46.8622204;10.4318783;0.0
2025-08-28T19:05:06.611Z;46.8622204;10.4318783;0.0
2025-08-28T19:05:11.613Z;46.8622227;10.4319369;2.87
2025-08-28T19:05:16.628Z;46.8622209;10.4323349;8.69
2025-08-28T19:05:21.616Z;46.8621654;10.4329743;9.66
2025-08-28T19:05:26.610Z;46.8621681;10.4334761;5.89
2025-08-28T19:05:31.622Z;46.8622235;10.4337711;5.82
2025-08-28T19:05:36.611Z;46.8622753;10.4342953;9.53
2025-08-28T19:05:38.611Z;46.8623223;10.4345499;10.8
2025-08-28T19:05:41.609Z;46.8624179;10.4349533;10.38
2025-08-28T19:05:46.610Z;46.8626321;10.4355429;9.59
2025-08-28T19:05:51.610Z;46.862783;10.4358639;4.51
2025-08-28T19:05:56.622Z;46.8629486;10.4362088;7.46
2025-08-28T19:06:00.608Z;46.863144;10.4364904;6.98
2025-08-28T19:06:01.612Z;46.863193;10.4365452;6.02
2025-08-28T19:06:06.609Z;46.8633458;10.4367399;4.46
2025-08-28T19:06:11.611Z;46.8635275;10.4370907;9.11
2025-08-28T19:06:14.609Z;46.8636873;10.4374361;11.38
2025-08-28T19:06:16.610Z;46.8638055;10.4376912;12.71
2025-08-28T19:06:21.624Z;46.8641579;10.4384651;14.31
2025-08-28T19:06:26.623Z;46.8645619;10.4392311;14.51
2025-08-28T19:06:29.627Z;46.8648217;10.4396241;12.73
2025-08-28T19:06:31.618Z;46.8649771;10.4398607;12.06
2025-08-28T19:06:36.620Z;46.8652394;10.440321;5.42
2025-08-28T19:06:38.619Z;46.86526;10.4404545;2.74
2025-08-28T19:06:41.610Z;46.865306;10.4405728;4.5
2025-08-28T19:06:46.611Z;46.8656191;10.440741;9.53
2025-08-28T19:06:51.618Z;46.8661179;10.4409662;13.41
2025-08-28T19:06:56.628Z;46.8667442;10.4413146;16.27
2025-08-28T19:07:01.615Z;46.8674458;10.4418533;19.06
2025-08-28T19:07:06.626Z;46.8681472;10.4425839;18.96
2025-08-28T19:07:11.618Z;46.8688268;10.4433548;20.01
2025-08-28T19:07:16.611Z;46.869572;10.4441978;21.24
2025-08-28T19:07:21.610Z;46.8702591;10.4450942;20.2
2025-08-28T19:07:26.615Z;46.8707989;10.4460841;18.91
2025-08-28T19:07:31.612Z;46.8713498;10.4470874;20.71
2025-08-28T19:07:36.613Z;46.8719895;10.4480996;21.2
2025-08-28T19:07:41.613Z;46.8725792;10.4491941;22.13
2025-08-28T19:07:46.611Z;46.8730739;10.4504921;22.61
2025-08-28T19:07:51.619Z;46.8733211;10.4519049;22.49
2025-08-28T19:07:56.611Z;46.873288;10.4533534;20.8
2025-08-28T19:08:01.620Z;46.8734122;10.4546794;20.7
2025-08-28T19:08:06.614Z;46.8738617;10.4559242;22.34
2025-08-28T19:08:16.615Z;46.8756528;10.4574405;24.03
2025-08-28T19:08:17.620Z;46.8758604;10.4575007;23.4
2025-08-28T19:08:21.609Z;46.8766937;10.4577323;23.19
2025-08-28T19:08:26.610Z;46.8776314;10.4581212;21.4
2025-08-28T19:08:31.615Z;46.8784952;10.4586525;20.03
2025-08-28T19:08:36.610Z;46.8792833;10.4592093;19.08
2025-08-28T19:08:41.620Z;46.8800512;10.4597799;19.93
2025-08-28T19:08:46.616Z;46.8808812;10.4603825;21.04
2025-08-28T19:08:51.615Z;46.8817149;10.4609854;20.68
2025-08-28T19:08:56.618Z;46.8825451;10.4616708;21.26
2025-08-28T19:09:01.621Z;46.8831962;10.4625378;18.83
2025-08-28T19:09:06.611Z;46.8837094;10.4633915;15.78
2025-08-28T19:09:11.611Z;46.8841908;10.4640417;12.78
2025-08-28T19:09:16.610Z;46.8845851;10.4644194;8.57
2025-08-28T19:09:21.613Z;46.8848204;10.4644197;3.59
2025-08-28T19:09:26.610Z;46.8847349;10.4641577;5.45
2025-08-28T19:09:31.628Z;46.8844773;10.4638517;8.1
2025-08-28T19:09:36.627Z;46.8842103;10.4637157;4.5
2025-08-28T19:09:41.620Z;46.8841267;10.4638996;4.02
2025-08-28T19:09:46.615Z;46.8843415;10.4641776;7.43
2025-08-28T19:09:51.614Z;46.8846702;10.4644651;8.4
2025-08-28T19:09:56.619Z;46.8849358;10.4646691;6.18
2025-08-28T19:10:01.614Z;46.8851942;10.4647796;6.11
2025-08-28T19:10:06.609Z;46.8854892;10.4647744;7.97
2025-08-28T19:10:11.620Z;46.8858758;10.4651162;11.6
2025-08-28T19:10:16.611Z;46.8863547;10.4655319;12.92
2025-08-28T19:10:21.616Z;46.8868467;10.465956;12.75
2025-08-28T19:10:26.610Z;46.8873732;10.4664111;14.45
2025-08-28T19:10:28.616Z;46.8876059;10.4666112;15.56
2025-08-28T19:10:31.621Z;46.8879597;10.4669148;15.25
2025-08-28T19:10:36.612Z;46.8885809;10.4674656;16.59
2025-08-28T19:10:41.628Z;46.889164;10.468177;18.13
2025-08-28T19:10:42.609Z;46.889256;10.4683563;18.64
2025-08-28T19:10:46.617Z;46.8896602;10.4692268;20.68
2025-08-28T19:10:51.620Z;46.8902831;10.470284;20.96
2025-08-28T19:10:56.609Z;46.890989;10.471129;19.95
2025-08-28T19:11:01.614Z;46.8917898;10.4716191;20.37
2025-08-28T19:11:06.616Z;46.8926089;10.4720483;17.77
2025-08-28T19:11:11.613Z;46.8931882;10.4728662;18.91
2025-08-28T19:11:16.610Z;46.8937524;10.4738289;20.04
2025-08-28T19:11:21.616Z;46.8943628;10.474638;16.86
2025-08-28T19:11:26.609Z;46.8950697;10.474915;17.02
2025-08-28T19:11:31.611Z;46.8958796;10.4749226;18.96
2025-08-28T19:11:36.612Z;46.89674;10.4752015;20.64
2025-08-28T19:11:41.614Z;46.8975942;10.4752355;19.1
2025-08-28T19:11:46.608Z;46.8983878;10.4747132;18.31
2025-08-28T19:11:49.608Z;46.8988586;10.4746568;17.98
2025-08-28T19:11:51.610Z;46.8991755;10.4746929;18.58
2025-08-28T19:11:56.617Z;46.9000729;10.4747825;20.63
2025-08-28T19:12:01.610Z;46.9009274;10.4747987;18.39
2025-08-28T19:12:06.619Z;46.9016677;10.4751443;17.18
2025-08-28T19:12:11.629Z;46.9022674;10.4759311;18.99
2025-08-28T19:12:16.610Z;46.9029296;10.4766405;16.8
2025-08-28T19:12:21.616Z;46.9035856;10.476978;16.33
2025-08-28T19:12:26.617Z;46.9043737;10.4769465;17.87
2025-08-28T19:12:31.611Z;46.9051739;10.4770037;18.43
2025-08-28T19:12:36.622Z;46.9059992;10.4772965;18.91
2025-08-28T19:12:41.611Z;46.9067545;10.477569;15.87
2025-08-28T19:12:46.609Z;46.9073783;10.4777911;12.89
2025-08-28T19:12:51.611Z;46.9078471;10.4778202;9.13
2025-08-28T19:12:56.620Z;46.9081567;10.4778197;5.44
2025-08-28T19:13:01.622Z;46.9082766;10.4778128;0.48
2025-08-28T19:13:11.612Z;46.9087935;10.4776515;9.94
2025-08-28T19:13:16.623Z;46.9091868;10.4774196;10.16
2025-08-28T19:13:21.618Z;46.9096096;10.4771429;9.18
2025-08-28T19:13:26.609Z;46.910043;10.4769202;11.42
2025-08-28T19:13:31.624Z;46.9104914;10.4769174;9.39
2025-08-28T19:13:36.623Z;46.9109494;10.4771078;12.2
2025-08-28T19:13:41.621Z;46.9114935;10.4773864;11.56
2025-08-28T19:13:46.626Z;46.911916;10.4778025;11.67
2025-08-28T19:13:51.627Z;46.9121883;10.4784217;10.92
2025-08-28T19:13:56.621Z;46.9122772;10.4791318;11.83
2025-08-28T19:14:01.617Z;46.9123698;10.479863;8.97
2025-08-28T19:14:06.615Z;46.9125123;10.4804639;11.05
2025-08-28T19:14:07.614Z;46.9125636;10.48059;11.68
2025-08-28T19:14:11.610Z;46.9128209;10.4811604;14.36
2025-08-28T19:14:14.626Z;46.9130468;10.4815966;13.68
2025-08-28T19:14:16.614Z;46.91322;10.4818437;13.89
2025-08-28T19:14:21.609Z;46.9137933;10.4822102;14.53
2025-08-28T19:14:26.620Z;46.9144703;10.4820127;15.87
2025-08-28T19:14:28.610Z;46.914731;10.4819647;15.6
2025-08-28T19:14:31.627Z;46.9151431;10.4820257;15.1
2025-08-28T19:14:32.609Z;46.9152763;10.482021;15.4
2025-08-28T19:14:36.617Z;46.9158346;10.4820176;15.29
2025-08-28T19:14:41.622Z;46.9164337;10.4825269;17.06
2025-08-28T19:14:46.610Z;46.9169929;10.4832226;14.61
2025-08-28T19:14:51.609Z;46.9175522;10.4835941;13.48
2025-08-28T19:14:56.611Z;46.9181882;10.4834925;15.0
2025-08-28T19:15:01.622Z;46.9188081;10.4835849;12.56
2025-08-28T19:15:06.612Z;46.919309;10.4835158;9.91
2025-08-28T19:15:11.610Z;46.9196655;10.4839141;11.72
2025-08-28T19:15:16.611Z;46.9201312;10.4844511;13.71
2025-08-28T19:15:21.628Z;46.9206533;10.4848559;11.36
2025-08-28T19:15:25.617Z;46.9210103;10.4848913;9.45
2025-08-28T19:15:26.614Z;46.9210951;10.4848639;9.21
2025-08-28T19:15:31.622Z;46.9215542;10.4846258;12.38
2025-08-28T19:15:36.612Z;46.9220681;10.4843659;9.4
2025-08-28T19:15:41.611Z;46.9224915;10.4844589;10.67
2025-08-28T19:15:46.623Z;46.9229361;10.484811;12.04
2025-08-28T19:15:51.618Z;46.9234841;10.4849001;13.04
2025-08-28T19:15:56.609Z;46.9240353;10.4852993;13.68
2025-08-28T19:15:58.621Z;46.9242525;10.4854393;12.94
2025-08-28T19:16:01.627Z;46.9245083;10.4857234;10.06
2025-08-28T19:16:06.612Z;46.9248296;10.4857778;6.86
2025-08-28T19:16:11.618Z;46.9250978;10.4854025;9.91
2025-08-28T19:16:16.611Z;46.9255572;10.4851536;12.66
2025-08-28T19:16:21.617Z;46.9261713;10.4852646;14.13
2025-08-28T19:16:26.619Z;46.9268378;10.4851547;15.54
2025-08-28T19:16:31.612Z;46.9275424;10.4851408;15.35
2025-08-28T19:16:36.619Z;46.9281805;10.4851757;14.3
2025-08-28T19:16:40.609Z;46.9286828;10.4848632;15.76
2025-08-28T19:16:41.612Z;46.928812;10.4847737;15.8
2025-08-28T19:16:46.619Z;46.9294682;10.4843802;15.04
2025-08-28T19:16:51.627Z;46.9301085;10.4842837;15.06
2025-08-28T19:16:56.628Z;46.9307114;10.4845649;14.52
2025-08-28T19:16:59.623Z;46.9310981;10.4845276;14.2
2025-08-28T19:17:01.612Z;46.93136;10.4845042;13.55
2025-08-28T19:17:06.614Z;46.9319258;10.4848699;14.15
2025-08-28T19:17:10.616Z;46.9324247;10.4851418;15.47
2025-08-28T19:17:11.628Z;46.9325709;10.4852281;15.63
2025-08-28T19:17:14.611Z;46.9329534;10.48549;16.57
2025-08-28T19:17:16.617Z;46.9332262;10.4857262;16.93
2025-08-28T19:17:21.609Z;46.933806;10.4864799;18.46
2025-08-28T19:17:26.610Z;46.9344805;10.4872955;20.35
2025-08-28T19:17:31.614Z;46.9352869;10.4880845;22.3
2025-08-28T19:17:32.623Z;46.9354544;10.4882483;22.28
2025-08-28T19:17:36.609Z;46.9361331;10.4889465;23.84
2025-08-28T19:17:41.615Z;46.9369573;10.4899892;25.39
2025-08-28T19:17:46.610Z;46.9377304;10.4912482;26.01
2025-08-28T19:17:50.619Z;46.9383221;10.4922924;25.41
2025-08-28T19:17:51.618Z;46.9384813;10.4925306;25.64
2025-08-28T19:17:56.623Z;46.9393592;10.4936715;26.53
2025-08-28T19:18:00.612Z;46.9400414;10.494634;26.35
2025-08-28T19:18:01.627Z;46.9402061;10.4949073;25.9
2025-08-28T19:18:06.619Z;46.9409912;10.4961151;25.81
2025-08-28T19:18:09.612Z;46.9415506;10.4967461;25.85
2025-08-28T19:18:11.610Z;46.941916;10.4971706;25.59
2025-08-28T19:18:16.612Z;46.9427132;10.4983934;26.44
2025-08-28T19:18:21.627Z;46.9433795;10.4997939;25.33
2025-08-28T19:18:24.613Z;46.9437721;10.5006072;25.7
2025-08-28T19:18:26.618Z;46.9440626;10.5011423;25.9
2025-08-28T19:18:29.614Z;46.9445273;10.5019031;26.57
2025-08-28T19:18:31.609Z;46.9448566;10.5024003;25.74
2025-08-28T19:18:36.615Z;46.9455155;10.5035467;21.43
2025-08-28T19:18:41.623Z;46.945971;10.5046992;18.81
2025-08-28T19:18:46.620Z;46.9466172;10.5054913;20.05
2025-08-28T19:18:51.619Z;46.9475174;10.5057835;21.81
2025-08-28T19:18:56.611Z;46.9484815;10.5060304;22.09
2025-08-28T19:19:01.609Z;46.949287;10.5068785;22.25
2025-08-28T19:19:06.610Z;46.9499954;10.5076705;17.47
2025-08-28T19:19:11.610Z;46.9505396;10.5082975;14.52
2025-08-28T19:19:16.620Z;46.9509677;10.5088509;11.32
2025-08-28T19:19:21.610Z;46.9512859;10.50929;9.07
2025-08-28T19:19:26.614Z;46.9514836;10.5097366;5.9
2025-08-28T19:19:31.611Z;46.9516252;10.5101207;7.85
2025-08-28T19:19:36.611Z;46.9518021;10.5106019;7.83
2025-08-28T19:19:41.611Z;46.9520123;10.5108833;4.23
2025-08-28T19:19:45.610Z;46.9520895;10.5109569;1.49
2025-08-28T19:19:46.615Z;46.952102;10.5109679;1.7
2025-08-28T19:19:51.610Z;46.9523023;10.510954;6.51
2025-08-28T19:19:56.630Z;46.952649;10.5109211;7.83
2025-08-28T19:20:01.611Z;46.9527292;10.5106375;5.86
2025-08-28T19:20:06.620Z;46.9525066;10.5101864;10.13
2025-08-28T19:20:11.614Z;46.9522136;10.5095578;13.63
2025-08-28T19:20:16.628Z;46.9517718;10.5088992;13.83
2025-08-28T19:20:21.621Z;46.9512878;10.5082865;15.38
2025-08-28T19:20:26.612Z;46.9506891;10.5077315;15.88
2025-08-28T19:20:31.614Z;46.9501604;10.5071837;14.28
2025-08-28T19:20:35.614Z;46.9499488;10.5065797;12.9
2025-08-28T19:20:36.620Z;46.9499512;10.5064222;12.48
2025-08-28T19:20:41.619Z;46.9499328;10.5057771;8.28
2025-08-28T19:20:44.610Z;46.9497725;10.5055653;7.83
2025-08-28T19:20:46.619Z;46.9496256;10.5055443;8.53
2025-08-28T19:20:51.612Z;46.949247;10.5055291;8.7
2025-08-28T19:20:56.614Z;46.9489999;10.5050094;11.48
2025-08-28T19:21:01.624Z;46.9487001;10.5043378;12.83
2025-08-28T19:21:06.619Z;46.9483702;10.503659;12.49
2025-08-28T19:21:11.610Z;46.9480533;10.5030258;12.64
2025-08-28T19:21:16.628Z;46.9477113;10.502371;13.2
2025-08-28T19:21:21.616Z;46.9473593;10.5018293;9.2
2025-08-28T19:21:26.616Z;46.9470175;10.5019528;7.56
2025-08-28T19:21:29.613Z;46.9468554;10.5019138;5.9
2025-08-28T19:21:31.623Z;46.9468232;10.5017686;4.53
2025-08-28T19:21:36.611Z;46.9470444;10.5015569;6.99
2025-08-28T19:21:41.615Z;46.9473957;10.5013766;9.91
2025-08-28T19:21:46.614Z;46.9477956;10.5017453;11.46
2025-08-28T19:21:51.617Z;46.9480775;10.5019609;4.34
2025-08-28T19:21:53.624Z;46.9481123;10.5018779;3.01
2025-08-28T19:21:56.619Z;46.9480309;10.5017454;3.96
2025-08-28T19:22:00.618Z;46.9478359;10.5015735;7.53
2025-08-28T19:22:01.626Z;46.9477823;10.5014943;8.2
2025-08-28T19:22:06.614Z;46.9474873;10.5010367;11.37
2025-08-28T19:22:11.617Z;46.9470974;10.5007195;8.1
2025-08-28T19:22:16.618Z;46.9470425;10.5004749;2.81
2025-08-28T19:22:19.615Z;46.9471603;10.5005081;3.33
2025-08-28T19:22:21.621Z;46.9472309;10.5005699;4.85
2025-08-28T19:22:26.613Z;46.9475203;10.5007733;8.86
2025-08-28T19:22:31.611Z;46.9479092;10.5010857;11.03
2025-08-28T19:22:36.616Z;46.9482032;10.5013228;4.77
2025-08-28T19:22:38.616Z;46.9482683;10.5012686;2.91
2025-08-28T19:22:41.630Z;46.9482092;10.5011055;4.17
2025-08-28T19:22:46.620Z;46.9479344;10.5008849;8.56
2025-08-28T19:22:51.624Z;46.947621;10.5004996;10.58
2025-08-28T19:22:56.612Z;46.947304;10.4999233;12.03
2025-08-28T19:23:01.630Z;46.9469565;10.4994963;8.86
2025-08-28T19:23:06.622Z;46.9466894;10.4997745;8.79
2025-08-28T19:23:11.614Z;46.946479;10.5002208;6.66
2025-08-28T19:23:16.613Z;46.9463078;10.5000033;5.3
2025-08-28T19:23:19.612Z;46.9462638;10.4997457;7.65
2025-08-28T19:23:21.616Z;46.9462178;10.4995377;8.63
2025-08-28T19:23:26.613Z;46.9461275;10.4989391;10.13
2025-08-28T19:23:31.611Z;46.9461073;10.4982718;11.48
2025-08-28T19:23:34.613Z;46.9461029;10.4978274;10.46
2025-08-28T19:23:36.611Z;46.9460761;10.4975793;9.23
2025-08-28T19:23:41.622Z;46.9457603;10.4972674;10.06
2025-08-28T19:23:42.622Z;46.945684;10.4972032;10.02
2025-08-28T19:23:46.626Z;46.9455146;10.4967663;10.04
2025-08-28T19:23:51.620Z;46.9453412;10.4961591;10.86
2025-08-28T19:23:56.619Z;46.9449433;10.4957948;11.59
2025-08-28T19:24:01.612Z;46.9444774;10.4954684;12.24
2025-08-28T19:24:06.613Z;46.9440969;10.4948881;12.49
2025-08-28T19:24:11.618Z;46.9438824;10.4941593;12.62
2025-08-28T19:24:16.616Z;46.9436596;10.4934294;12.84
2025-08-28T19:24:21.628Z;46.9434791;10.492632;13.2
2025-08-28T19:24:25.623Z;46.9433878;10.4919514;13.45
2025-08-28T19:24:26.621Z;46.9433605;10.491796;13.4
2025-08-28T19:24:31.617Z;46.9430687;10.4910454;13.47
2025-08-28T19:24:36.611Z;46.9428017;10.490326;11.16
2025-08-28T19:24:41.627Z;46.9426539;10.4899052;5.38
2025-08-28T19:24:46.611Z;46.9428917;10.4898979;6.13
2025-08-28T19:24:51.620Z;46.9432046;10.4901695;9.7
2025-08-28T19:24:56.629Z;46.9435084;10.4904416;6.54
2025-08-28T19:25:01.612Z;46.9435874;10.4901422;5.93
2025-08-28T19:25:06.620Z;46.9433689;10.489743;9.29
2025-08-28T19:25:11.628Z;46.9430831;10.4892075;11.35
2025-08-28T19:25:16.628Z;46.9428119;10.4885794;12.46
2025-08-28T19:25:21.619Z;46.9427387;10.4877789;13.09
2025-08-28T19:25:26.614Z;46.9425977;10.4869326;12.78
2025-08-28T19:25:31.620Z;46.9426484;10.4862372;11.25
2025-08-28T19:25:36.614Z;46.9426547;10.485496;12.9
2025-08-28T19:25:39.622Z;46.9425884;10.4849799;13.82
2025-08-28T19:25:41.613Z;46.9425722;10.484611;14.45
2025-08-28T19:25:46.612Z;46.9426257;10.4836337;15.82
2025-08-28T19:25:50.614Z;46.9426613;10.4827857;16.93
2025-08-28T19:25:51.622Z;46.9426621;10.4825801;16.79
2025-08-28T19:25:56.622Z;46.9426458;10.4815238;16.63
2025-08-28T19:26:01.615Z;46.9428605;10.480416;18.56
2025-08-28T19:26:14.612Z;46.9436327;10.4776131;17.25
2025-08-28T19:26:21.612Z;46.9441998;10.4762276;17.26
2025-08-28T19:26:26.628Z;46.9446242;10.4753633;14.77
2025-08-28T19:26:29.611Z;46.9449131;10.4749851;14.65
2025-08-28T19:26:31.622Z;46.9450833;10.4746936;14.68
2025-08-28T19:26:51.613Z;46.9465663;10.4737428;12.96
2025-08-28T19:26:56.616Z;46.946981;10.4731468;12.7
2025-08-28T19:27:01.612Z;46.9473466;10.4726756;10.64
2025-08-28T19:27:06.613Z;46.947863;10.4727317;12.76
2025-08-28T19:27:11.624Z;46.9483771;10.4723924;12.66
2025-08-28T19:27:16.628Z;46.948732;10.4717529;13.41
2025-08-28T19:27:20.619Z;46.9490354;10.4712123;13.78
2025-08-28T19:27:21.626Z;46.9491299;10.4711137;13.89
2025-08-28T19:27:24.619Z;46.9494326;10.47076;14.43
2025-08-28T19:27:26.626Z;46.9496109;10.4705043;14.36
2025-08-28T19:27:31.611Z;46.9500048;10.4698119;15.15
2025-08-28T19:27:36.627Z;46.9503073;10.4690307;12.58
2025-08-28T19:27:41.623Z;46.9504202;10.4682972;12.12
2025-08-28T19:27:46.624Z;46.9504393;10.4674429;13.42
2025-08-28T19:27:51.627Z;46.9503486;10.4666722;10.7
2025-08-28T19:27:56.611Z;46.9505508;10.4660212;11.98
2025-08-28T19:28:01.622Z;46.9508094;10.4653128;13.02
2025-08-28T19:28:06.629Z;46.9512668;10.4648554;12.2
2025-08-28T19:28:11.617Z;46.9514678;10.46409;13.6
2025-08-28T19:28:16.614Z;46.9517661;10.4633225;13.7
2025-08-28T19:28:21.614Z;46.9522026;10.4626814;13.93
2025-08-28T19:28:26.614Z;46.9524304;10.4618546;13.78
2025-08-28T19:28:31.622Z;46.9525006;10.4611647;8.5
2025-08-28T19:28:36.610Z;46.9527321;10.4607384;9.64
2025-08-28T19:28:41.617Z;46.9531071;10.4602852;12.23
2025-08-28T19:28:46.614Z;46.9534024;10.459577;13.85
2025-08-28T19:28:47.612Z;46.95345;10.4594085;14.05
2025-08-28T19:28:51.612Z;46.9536616;10.45875;14.63
2025-08-28T19:28:56.621Z;46.9538529;10.4579873;10.6
2025-08-28T19:29:01.623Z;46.9541451;10.4576739;8.48
2025-08-28T19:29:06.610Z;46.9546026;10.4577577;10.98
2025-08-28T19:29:11.624Z;46.955092;10.4576282;12.26
2025-08-28T19:29:16.628Z;46.9555745;10.4571692;14.18
2025-08-28T19:29:21.627Z;46.9560977;10.4565466;15.15
2025-08-28T19:29:26.609Z;46.9566502;10.4561278;12.56
2025-08-28T19:29:31.618Z;46.9569726;10.4554185;14.0
2025-08-28T19:29:36.610Z;46.9571488;10.454662;9.45
2025-08-28T19:29:41.619Z;46.9569984;10.4541252;10.41
2025-08-28T19:29:46.614Z;46.956708;10.4534811;13.35
2025-08-28T19:29:56.616Z;46.9557276;10.4520826;17.39
2025-08-28T19:29:58.610Z;46.9555064;10.4517644;17.1
2025-08-28T19:30:06.612Z;46.9548187;10.4507096;9.51
2025-08-28T19:30:11.613Z;46.9547639;10.4500885;10.81
2025-08-28T19:30:16.610Z;46.9550345;10.4494215;12.19
2025-08-28T19:30:21.613Z;46.9552411;10.4486511;13.4
2025-08-28T19:30:25.621Z;46.9554351;10.447988;14.46
2025-08-28T19:30:26.617Z;46.9554776;10.4478459;14.64
2025-08-28T19:30:31.613Z;46.9557264;10.4470589;14.0
2025-08-28T19:30:36.613Z;46.9561269;10.446518;12.92
2025-08-28T19:30:39.627Z;46.9564418;10.4463813;12.77
2025-08-28T19:30:41.618Z;46.9566579;10.4462731;12.86
2025-08-28T19:30:42.618Z;46.9567566;10.4461933;12.8
2025-08-28T19:30:46.629Z;46.9571243;10.4458694;11.28
2025-08-28T19:30:51.622Z;46.9574455;10.4454848;10.3
2025-08-28T19:30:56.617Z;46.9573028;10.444848;11.73
2025-08-28T19:31:01.613Z;46.956907;10.444304;12.46
2025-08-28T19:31:06.622Z;46.9566901;10.44361;11.34
2025-08-28T19:31:09.616Z;46.9568114;10.443235;10.75
2025-08-28T19:31:11.618Z;46.9569214;10.4429644;11.57
2025-08-28T19:31:16.624Z;46.9572726;10.4422937;14.13
2025-08-28T19:31:21.619Z;46.9576012;10.4415821;13.19
2025-08-28T19:31:24.617Z;46.9578897;10.4412576;13.27
2025-08-28T19:31:26.612Z;46.9580015;10.440974;14.1
2025-08-28T19:31:31.621Z;46.958095;10.4400483;13.5
2025-08-28T19:31:33.620Z;46.9580425;10.4397235;13.38
2025-08-28T19:31:36.613Z;46.9579279;10.4392526;12.87
2025-08-28T19:31:41.610Z;46.9578864;10.4384442;11.63
2025-08-28T19:31:46.614Z;46.9577486;10.4376373;14.48
2025-08-28T19:31:51.621Z;46.9576812;10.436696;13.92
2025-08-28T19:31:56.629Z;46.9578871;10.4357323;16.98
2025-08-28T19:32:01.619Z;46.9580777;10.4347166;14.6
2025-08-28T19:32:06.615Z;46.9581155;10.4337616;13.31
2025-08-28T19:32:11.610Z;46.9580077;10.4328678;13.85
2025-08-28T19:32:16.629Z;46.9578972;10.4319376;14.49
2025-08-28T19:32:21.624Z;46.9577603;10.4310105;14.75
2025-08-28T19:32:26.617Z;46.957776;10.4299767;15.34
2025-08-28T19:32:31.614Z;46.9578971;10.429013;14.07
2025-08-28T19:32:36.610Z;46.9581552;10.4282245;13.57
2025-08-28T19:32:41.618Z;46.9585635;10.4274857;14.34
2025-08-28T19:32:46.611Z;46.9588992;10.4266802;14.76
2025-08-28T19:32:51.610Z;46.9591945;10.4258505;14.69
2025-08-28T19:32:56.617Z;46.9593278;10.4249525;12.87
2025-08-28T19:32:59.609Z;46.9594135;10.424499;10.85
2025-08-28T19:33:01.613Z;46.9594727;10.4242212;9.87
2025-08-28T19:33:03.615Z;46.9595692;10.4240304;9.25
2025-08-28T19:33:06.618Z;46.9597758;10.4238209;8.81
2025-08-28T19:33:10.610Z;46.9599075;10.4234401;9.21
2025-08-28T19:33:11.615Z;46.959939;10.423342;9.07
2025-08-28T19:33:16.609Z;46.9602509;10.4229156;9.73
2025-08-28T19:33:21.614Z;46.9604985;10.4225489;5.3
2025-08-28T19:33:26.619Z;46.9604626;10.4221687;6.4
2025-08-28T19:33:31.616Z;46.9604618;10.4216371;9.25
2025-08-28T19:33:36.612Z;46.9605864;10.4210264;10.5
2025-08-28T19:33:41.619Z;46.9607361;10.4203188;12.56
2025-08-28T19:33:46.612Z;46.961152;10.4196667;14.61
2025-08-28T19:33:49.616Z;46.9613502;10.4191577;15.95
2025-08-28T19:33:51.617Z;46.9614209;10.4187368;16.79
2025-08-28T19:33:56.616Z;46.9617421;10.417723;17.79
2025-08-28T19:34:01.619Z;46.9621084;10.4166739;18.2
2025-08-28T19:34:06.616Z;46.9621743;10.4154992;18.46
2025-08-28T19:34:08.618Z;46.9622392;10.4150489;17.78
2025-08-28T19:34:11.610Z;46.962378;10.4143932;17.13
2025-08-28T19:34:16.619Z;46.9624271;10.4133152;16.76
2025-08-28T19:34:21.615Z;46.962277;10.4122857;16.66
2025-08-28T19:34:26.611Z;46.9618167;10.4115388;14.42
2025-08-28T19:34:31.619Z;46.961463;10.4109527;11.55
2025-08-28T19:34:36.612Z;46.961007;10.4106667;11.65
2025-08-28T19:34:39.629Z;46.9608219;10.4102696;12.63
2025-08-28T19:34:41.616Z;46.9607793;10.4099326;13.24
2025-08-28T19:34:46.612Z;46.9605508;10.4091759;13.69
2025-08-28T19:34:51.618Z;46.9602274;10.4083851;14.33
2025-08-28T19:34:56.617Z;46.9599332;10.4075488;15.03
2025-08-28T19:35:01.626Z;46.9595743;10.4067075;15.13
2025-08-28T19:35:06.622Z;46.9592197;10.4059366;14.73
2025-08-28T19:35:11.622Z;46.958696;10.4054795;13.01
2025-08-28T19:35:16.611Z;46.9584067;10.4049579;10.26
2025-08-28T19:35:21.630Z;46.9582657;10.4042962;10.05
2025-08-28T19:35:26.620Z;46.9580964;10.4037884;8.58
2025-08-28T19:35:27.612Z;46.9580588;10.4036869;8.22
2025-08-28T19:35:31.612Z;46.9580184;10.4033246;6.63
2025-08-28T19:35:33.618Z;46.9580626;10.4031635;5.9
2025-08-28T19:35:36.621Z;46.958185;10.4031076;3.55
2025-08-28T19:35:41.618Z;46.9582229;10.4034245;5.88
2025-08-28T19:35:44.618Z;46.9582656;10.403684;7.68
2025-08-28T19:35:46.611Z;46.9583587;10.4038764;9.21
2025-08-28T19:35:51.614Z;46.9586181;10.4044242;10.31
2025-08-28T19:35:56.611Z;46.9589187;10.4047897;9.25
2025-08-28T19:36:01.612Z;46.9593194;10.404843;9.16
2025-08-28T19:36:04.621Z;46.9595254;10.4050167;8.52
2025-08-28T19:36:06.622Z;46.959669;10.4050387;8.54
2025-08-28T19:36:11.627Z;46.9600207;10.4051586;8.61
2025-08-28T19:36:16.622Z;46.9602638;10.4052511;3.46
2025-08-28T19:36:21.619Z;46.96032;10.4051005;2.19
2025-08-28T19:36:26.616Z;46.9603798;10.4048905;4.61
2025-08-28T19:36:31.617Z;46.9605011;10.4047503;3.8
2025-08-28T19:36:36.619Z;46.9605385;10.404589;2.16
2025-08-28T19:36:41.626Z;46.9605094;10.4044982;0.5
2025-08-28T19:36:42.616Z;46.9605069;10.4044962;0.22
2025-08-28T19:36:46.616Z;46.9605086;10.4045465;0.62
2025-08-28T19:36:49.628Z;46.9605101;10.4045695;0.53
2025-08-28T19:36:51.613Z;46.9605103;10.4045682;0.8
2025-08-28T19:36:55.615Z;46.960512;10.404606;0.61
2025-08-28T19:36:56.617Z;46.9605121;10.4046154;0.48
2025-08-28T19:37:01.618Z;46.9605056;10.4046691;0.84
2025-08-28T19:37:06.615Z;46.9605067;10.4046885;0.26
2025-08-28T19:37:10.618Z;46.960456;10.4046751;1.31
2025-08-28T19:37:11.617Z;46.9604532;10.4046741;1.43
2025-08-28T19:37:16.625Z;46.9603572;10.4046373;2.92
2025-08-28T19:37:21.622Z;46.9601895;10.4045059;4.91
2025-08-28T19:37:26.618Z;46.9599615;10.4043359;6.91
2025-08-28T19:37:30.628Z;46.9597194;10.4041763;7.7
2025-08-28T19:37:31.614Z;46.9596586;10.4041502;7.87
2025-08-28T19:37:36.628Z;46.959371;10.4040012;5.98
2025-08-28T19:37:41.627Z;46.9592106;10.4037487;5.4
2025-08-28T19:37:46.627Z;46.9592258;10.4033204;6.88
2025-08-28T19:37:48.615Z;46.9592728;10.4031495;6.22
2025-08-28T19:37:51.613Z;46.9593338;10.4029361;6.2
2025-08-28T19:37:56.612Z;46.9594677;10.4024882;9.18
2025-08-28T19:38:01.613Z;46.959766;10.402105;8.21
2025-08-28T19:38:06.627Z;46.9600651;10.4020109;5.08
2025-08-28T19:38:11.620Z;46.9601689;10.4018541;2.64
2025-08-28T19:38:16.618Z;46.960146;10.4016273;4.36
2025-08-28T19:38:21.610Z;46.960104;10.4012558;6.68
2025-08-28T19:38:22.611Z;46.9600859;10.4011532;7.29
2025-08-28T19:38:26.618Z;46.9599775;10.4007325;9.39
2025-08-28T19:38:31.615Z;46.9597909;10.4002018;8.59
2025-08-28T19:38:36.619Z;46.9596236;10.3997948;5.95
2025-08-28T19:38:41.618Z;46.9594914;10.3994834;5.83
2025-08-28T19:38:46.620Z;46.9594809;10.3991202;6.8
2025-08-28T19:38:51.615Z;46.9595814;10.3986338;7.5
2025-08-28T19:38:56.612Z;46.9596005;10.3981488;7.31
2025-08-28T19:39:01.617Z;46.9596982;10.397761;6.24
2025-08-28T19:39:06.613Z;46.9599033;10.3975385;4.8
2025-08-28T19:39:11.626Z;46.9598465;10.3972875;4.56
2025-08-28T19:39:16.611Z;46.959553;10.3973356;6.68
2025-08-28T19:39:21.623Z;46.959362;10.3975277;3.43
2025-08-28T19:39:26.617Z;46.959268;10.3974287;2.63
2025-08-28T19:39:31.623Z;46.959266;10.3971678;4.56
2025-08-28T19:39:35.623Z;46.9592153;10.3968678;6.99
2025-08-28T19:39:36.625Z;46.9591911;10.396768;7.57
2025-08-28T19:39:41.617Z;46.9590555;10.3962235;9.91
2025-08-28T19:39:46.625Z;46.9589003;10.3955842;11.47
2025-08-28T19:39:51.621Z;46.9586623;10.3948647;12.98
2025-08-28T19:39:56.610Z;46.9582436;10.3942376;13.75
2025-08-28T19:40:01.616Z;46.9579866;10.3934308;13.78
2025-08-28T19:40:06.616Z;46.9577456;10.3926071;13.61
2025-08-28T19:40:11.622Z;46.9575176;10.3917754;13.57
2025-08-28T19:40:16.621Z;46.9573042;10.3909608;13.54
2025-08-28T19:40:21.620Z;46.9571641;10.3901377;13.11
2025-08-28T19:40:26.611Z;46.9570532;10.3892909;12.93
2025-08-28T19:40:31.612Z;46.9569153;10.3884886;12.63
2025-08-28T19:40:36.623Z;46.9566336;10.3877631;13.34
2025-08-28T19:40:37.614Z;46.9565634;10.3876134;13.59
2025-08-28T19:40:41.624Z;46.9563133;10.3869915;14.33
2025-08-28T19:40:46.616Z;46.9560819;10.3861026;14.65
2025-08-28T19:40:51.627Z;46.9559542;10.3851262;15.43
2025-08-28T19:40:56.624Z;46.9559047;10.384174;14.4
2025-08-28T19:41:01.618Z;46.9560883;10.3833889;11.89
2025-08-28T19:41:06.615Z;46.956274;10.382728;10.78
2025-08-28T19:41:11.614Z;46.9560985;10.3820609;11.5
2025-08-28T19:41:16.614Z;46.9558706;10.3813592;12.03
2025-08-28T19:41:18.612Z;46.95578;10.3811058;12.17
2025-08-28T19:41:21.611Z;46.9555822;10.3807018;12.34
2025-08-28T19:41:26.613Z;46.9552062;10.380109;12.91
2025-08-28T19:41:31.613Z;46.9548151;10.37942;13.86
2025-08-28T19:41:36.613Z;46.9544347;10.3787455;13.66
2025-08-28T19:41:41.614Z;46.9540281;10.3781002;12.92
2025-08-28T19:41:46.612Z;46.9536373;10.3775113;12.02
2025-08-28T19:41:51.613Z;46.9533667;10.376908;10.83
2025-08-28T19:41:53.629Z;46.9532768;10.37666;10.98
2025-08-28T19:41:56.614Z;46.9530921;10.3762956;11.32
2025-08-28T19:41:57.615Z;46.9530246;10.3761857;11.46
2025-08-28T19:42:01.615Z;46.9527361;10.3757489;12.08
2025-08-28T19:42:06.620Z;46.9523446;10.3751662;12.96
2025-08-28T19:42:11.624Z;46.9519865;10.3744812;13.52
2025-08-28T19:42:16.613Z;46.9517693;10.3736186;14.35
2025-08-28T19:42:21.625Z;46.9515234;10.3728242;13.4
2025-08-28T19:42:26.614Z;46.9512182;10.3721334;11.16
2025-08-28T19:42:31.613Z;46.9509103;10.3717372;7.96
2025-08-28T19:42:36.614Z;46.9505967;10.3716223;6.97
2025-08-28T19:42:41.618Z;46.9503019;10.371465;6.96
2025-08-28T19:42:46.628Z;46.9500566;10.3711138;8.31
2025-08-28T19:42:51.626Z;46.9498249;10.3706577;8.96
2025-08-28T19:42:56.620Z;46.949623;10.3701391;9.25
2025-08-28T19:43:01.611Z;46.9493804;10.3696755;8.52
2025-08-28T19:43:06.613Z;46.9491925;10.3693165;5.15
2025-08-28T19:43:11.619Z;46.9491771;10.3691323;1.85
2025-08-28T19:43:16.627Z;46.9492984;10.3690175;4.24
2025-08-28T19:43:19.625Z;46.9494486;10.36892;5.92
2025-08-28T19:43:21.611Z;46.9495518;10.3688546;6.19
2025-08-28T19:43:26.627Z;46.9497773;10.3687452;4.57
2025-08-28T19:43:31.619Z;46.9499185;10.3690439;6.64
2025-08-28T19:43:33.628Z;46.9499702;10.3692096;7.21
2025-08-28T19:43:36.617Z;46.950054;10.3694594;6.61
2025-08-28T19:43:41.628Z;46.950157;10.3697998;4.77
2025-08-28T19:43:46.616Z;46.950051;10.3699578;2.07
2025-08-28T19:43:51.615Z;46.9500268;10.3699577;0.0
2025-08-28T19:43:56.619Z;46.9500268;10.3699577;0.0
2025-08-28T19:44:01.616Z;46.9500268;10.3699577;0.0
2025-08-28T19:44:06.613Z;46.9500268;10.3699577;0.0
2025-08-28T19:44:11.623Z;46.9500268;10.3699577;0.0
2025-08-28T19:44:16.615Z;46.9500268;10.3699577;0.0
2025-08-28T19:44:21.615Z;46.9500268;10.3699577;0.0
2025-08-28T19:44:26.619Z;46.9500268;10.3699577;0.0
2025-08-28T19:44:31.619Z;46.9500268;10.3699577;0.0
2025-08-28T19:44:36.619Z;46.9500268;10.3699577;0.0
2025-08-28T19:44:41.611Z;46.9500268;10.3699577;0.0
2025-08-28T19:44:46.615Z;46.9500268;10.3699577;0.0
2025-08-28T19:44:51.615Z;46.9500268;10.3699577;0.0
2025-08-28T19:44:56.615Z;46.9500268;10.3699577;0.0
2025-08-28T19:45:01.611Z;46.9500268;10.3699577;0.0
2025-08-28T19:45:06.619Z;46.9500268;10.3699577;0.0
2025-08-28T19:45:11.621Z;46.9500268;10.3699577;0.0
2025-08-28T19:45:16.624Z;46.9500268;10.3699577;0.0
2025-08-28T19:45:21.614Z;46.9500268;10.3699577;0.0
2025-08-28T19:45:26.625Z;46.9500268;10.3699577;0.0
2025-08-28T19:45:31.624Z;46.9500268;10.3699577;0.0
2025-08-28T19:45:36.627Z;46.9500086;10.3699729;0.61
2025-08-28T19:45:41.616Z;46.9499491;10.3700283;1.76
2025-08-28T19:45:46.623Z;46.9498984;10.3700739;0.81
2025-08-28T19:45:49.624Z;46.9499025;10.3700688;0.3
2025-08-28T19:45:51.615Z;46.949901;10.3700702;0.0
2025-08-28T19:48:27.449Z;46.9499415;10.3700347;0.0
2025-08-28T19:48:34.173Z;46.9499415;10.3700347;0.0
2025-08-28T19:48:37.117Z;46.9499415;10.3700347;0.0
2025-08-28T19:49:04.092Z;46.9499415;10.3700347;0.0
2025-08-28T19:49:13.819Z;46.9499415;10.3700347;0.0
2025-08-28T19:49:32.411Z;46.9499415;10.3700347;0.0
2025-08-28T19:49:37.563Z;46.9499415;10.3700347;0.0
2025-08-28T19:49:42.618Z;46.9499415;10.3700347;0.0
2025-08-28T19:49:48.792Z;46.9499415;10.3700347;0.0
2025-08-28T19:49:54.057Z;46.9499415;10.3700347;0.0
2025-08-28T19:50:14.973Z;46.9499415;10.3700347;0.0
2025-08-28T19:50:29.339Z;46.9499415;10.3700347;0.0
2025-08-28T19:50:34.343Z;46.9499415;10.3700347;0.0
2025-08-28T19:50:39.338Z;46.9499415;10.3700347;0.0
2025-08-28T19:50:44.345Z;46.9499415;10.3700347;0.0
2025-08-28T19:50:49.336Z;46.9499415;10.3700347;0.0
2025-08-28T19:50:54.346Z;46.9499415;10.3700347;0.0
2025-08-28T19:50:59.339Z;46.9499415;10.3700347;0.0
2025-08-28T19:51:04.371Z;46.9499415;10.3700347;0.0
2025-08-28T19:51:09.349Z;46.9499415;10.3700347;0.0
2025-08-28T19:51:14.343Z;46.9499415;10.3700347;0.0
2025-08-28T19:51:19.530Z;46.9499415;10.3700347;0.0
2025-08-28T19:51:24.534Z;46.9499415;10.3700347;0.0
2025-08-28T19:51:26.534Z;46.9499415;10.3700347;0.0
2025-08-28T19:51:29.533Z;46.9499415;10.3700347;0.0
2025-08-28T19:51:34.532Z;46.9499415;10.3700347;0.0
2025-08-28T19:53:58.881Z;46.9499415;10.3700347;0.0
2025-08-28T19:54:03.867Z;46.9499415;10.3700347;0.0
2025-08-28T19:54:05.997Z;46.9499415;10.3700347;0.0
2025-08-28T19:54:08.015Z;46.9499415;10.3700347;0.0
2025-08-28T19:54:11.174Z;46.9499415;10.3700347;0.0
2025-08-28T19:54:17.197Z;46.9499415;10.3700347;0.0
2025-08-28T19:54:23.026Z;46.9499415;10.3700347;0.0
2025-08-28T19:54:29.232Z;46.9499415;10.3700347;0.0
2025-08-28T19:54:44.850Z;46.9499415;10.3700347;0.0
2025-08-28T19:55:04.750Z;46.9499415;10.3700347;0.0
2025-08-28T19:55:18.225Z;46.9499415;10.3700347;0.0
2025-08-28T19:55:25.892Z;46.9499415;10.3700347;0.0
2025-08-28T19:55:31.725Z;46.9499415;10.3700347;0.0
2025-08-28T19:55:37.434Z;46.9499415;10.3700347;0.0
2025-08-28T19:55:55.295Z;46.9499415;10.3700347;0.0
2025-08-28T19:56:01.725Z;46.9499415;10.3700347;0.0
2025-08-28T19:56:15.736Z;46.9499415;10.3700347;0.0
2025-08-28T19:56:45.737Z;46.9499415;10.3700347;0.0
2025-08-28T19:56:50.737Z;46.9499415;10.3700347;0.0
2025-08-28T19:56:55.738Z;46.9499415;10.3700347;0.0
2025-08-28T19:57:00.736Z;46.9499415;10.3700347;0.0
2025-08-28T19:57:05.725Z;46.9499415;10.3700347;0.0
2025-08-28T19:57:10.738Z;46.9499415;10.3700347;0.0
2025-08-28T19:57:15.736Z;46.9499415;10.3700347;0.0
2025-08-28T19:57:20.737Z;46.9499415;10.3700347;0.0
2025-08-28T19:57:25.736Z;46.9499415;10.3700347;0.0
2025-08-28T19:57:30.738Z;46.9499415;10.3700347;0.0
2025-08-28T19:57:35.738Z;46.9499415;10.3700347;0.0
2025-08-28T19:57:40.739Z;46.9499415;10.3700347;0.0
2025-08-28T19:57:45.737Z;46.9499415;10.3700347;0.0
2025-08-28T19:57:50.722Z;46.9499415;10.3700347;0.0
2025-08-28T19:57:55.722Z;46.9499415;10.3700347;0.0
2025-08-28T19:58:00.932Z;46.9499415;10.3700347;0.0
2025-08-28T19:58:05.930Z;46.9499415;10.3700347;0.0
2025-08-28T19:58:10.922Z;46.9499415;10.3700347;0.0
2025-08-28T19:58:15.935Z;46.9499415;10.3700347;0.0
2025-08-28T19:58:20.939Z;46.9499415;10.3700347;0.0
2025-08-28T19:58:25.922Z;46.9499415;10.3700347;0.0
2025-08-28T19:58:30.923Z;46.9499415;10.3700347;0.0
2025-08-28T19:58:35.932Z;46.9499415;10.3700347;0.0
2025-08-28T19:58:40.932Z;46.9499415;10.3700347;0.0
2025-08-28T19:58:45.940Z;46.9499415;10.3700347;0.0
2025-08-28T19:58:50.923Z;46.9499415;10.3700347;0.0
2025-08-28T19:58:55.942Z;46.9499415;10.3700347;0.0
2025-08-28T19:59:00.942Z;46.9499415;10.3700347;0.0
2025-08-28T19:59:05.942Z;46.9499415;10.3700347;0.0
2025-08-28T19:59:10.942Z;46.9499415;10.3700347;0.0
2025-08-28T19:59:15.942Z;46.9499415;10.3700347;0.0
2025-08-28T19:59:20.923Z;46.9499415;10.3700347;0.0
2025-08-28T19:59:25.942Z;46.9499415;10.3700347;0.0
2025-08-28T19:59:27.923Z;46.9499415;10.3700347;0.0
2025-08-28T19:59:30.941Z;46.9499415;10.3700347;0.0
2025-08-28T19:59:35.925Z;46.9499415;10.3700347;0.0
2025-08-28T19:59:40.943Z;46.9499415;10.3700347;0.0
2025-08-28T19:59:45.972Z;46.9499415;10.3700347;0.0
2025-08-28T19:59:50.943Z;46.9499415;10.3700347;0.0
2025-08-28T19:59:51.942Z;46.9499415;10.3700347;0.0
2025-08-28T19:59:55.935Z;46.9499415;10.3700347;0.0
2025-08-28T19:59:57.934Z;46.9499415;10.3700347;0.0
2025-08-28T20:00:00.924Z;46.9499415;10.3700347;0.0
2025-08-28T20:00:03.943Z;46.9499415;10.3700347;0.0
2025-08-28T20:00:05.941Z;46.9499415;10.3700347;0.0
2025-08-28T20:00:08.942Z;46.9499415;10.3700347;0.0
2025-08-28T20:00:10.943Z;46.9499415;10.3700347;0.0
2025-08-28T20:00:15.932Z;46.9499415;10.3700347;0.0
2025-08-28T20:00:18.924Z;46.9499415;10.3700347;0.0
2025-08-28T20:00:20.943Z;46.9499415;10.3700347;0.0
2025-08-28T20:05:08.472Z;46.9499415;10.3700347;0.0
2025-08-28T20:05:09.393Z;46.9499415;10.3700347;0.0
2025-08-28T20:05:15.186Z;46.9499415;10.3700347;0.0
2025-08-28T20:05:20.948Z;46.9499415;10.3700347;0.0
2025-08-28T20:05:28.076Z;46.9499415;10.3700347;0.0
2025-08-28T20:05:33.849Z;46.9499415;10.3700347;0.0
2025-08-28T20:05:39.374Z;46.9499415;10.3700347;0.0
2025-08-28T20:05:47.726Z;46.9499415;10.3700347;0.0
2025-08-28T20:06:01.742Z;46.9499415;10.3700347;0.0
2025-08-28T20:06:28.707Z;46.9499415;10.3700347;0.0
2025-08-28T20:06:30.451Z;46.9499415;10.3700347;0.0
2025-08-28T20:06:37.598Z;46.9499415;10.3700347;0.0
2025-08-28T20:06:43.011Z;46.9499415;10.3700347;0.0
2025-08-28T20:07:04.460Z;46.9499415;10.3700347;0.0
2025-08-28T20:07:06.684Z;46.9499415;10.3700347;0.0
2025-08-28T20:07:28.783Z;46.9499415;10.3700347;0.0
2025-08-28T20:07:33.783Z;46.9499415;10.3700347;0.0
2025-08-28T20:07:38.784Z;46.9499415;10.3700347;0.0
2025-08-28T20:07:43.998Z;46.9499415;10.3700347;0.0
2025-08-28T20:07:48.997Z;46.9499415;10.3700347;0.0
2025-08-28T20:07:53.999Z;46.9499415;10.3700347;0.0
2025-08-28T20:07:58.999Z;46.9499415;10.3700347;0.0
2025-08-28T20:08:03.998Z;46.9499415;10.3700347;0.0
2025-08-28T20:08:08.998Z;46.9499415;10.3700347;0.0
2025-08-28T20:08:13.999Z;46.9499415;10.3700347;0.0
2025-08-28T20:08:18.998Z;46.9499415;10.3700347;0.0
2025-08-28T20:08:23.998Z;46.9499415;10.3700347;0.0
2025-08-28T20:08:28.998Z;46.9499415;10.3700347;0.0
2025-08-28T20:08:33.998Z;46.9499415;10.3700347;0.0
2025-08-28T20:08:38.998Z;46.9499415;10.3700347;0.0
2025-08-28T20:08:43.990Z;46.9499415;10.3700347;0.0
2025-08-28T20:08:48.998Z;46.9499415;10.3700347;0.0
2025-08-28T20:08:54Z;46.9499415;10.3700347;0.0
2025-08-28T20:08:58.998Z;46.9499415;10.3700347;0.0
2025-08-28T20:09:02.998Z;46.9499415;10.3700347;0.0
2025-08-28T20:09:03.998Z;46.9499415;10.3700347;0.0
2025-08-28T20:09:04.998Z;46.9499415;10.3700347;0.0
2025-08-28T20:09:08.998Z;46.9499415;10.3700347;0.0
2025-08-28T20:09:13.999Z;46.9499415;10.3700347;0.0
2025-08-28T20:09:19Z;46.9499415;10.3700347;0.0
2025-08-28T20:09:23.983Z;46.9499415;10.3700347;0.0
2025-08-28T20:09:24.999Z;46.9499415;10.3700347;0.0
2025-08-28T20:09:29.003Z;46.9499415;10.3700347;0.0
2025-08-28T20:09:34Z;46.9499415;10.3700347;0.0
2025-08-28T20:09:38.983Z;46.9499415;10.3700347;0.0
2025-08-28T20:09:43.984Z;46.9499415;10.3700347;0.0
2025-08-28T20:09:48.984Z;46.9499415;10.3700347;0.0
2025-08-28T20:09:53.984Z;46.9499415;10.3700347;0.0
2025-08-28T20:09:58.984Z;46.9499415;10.3700347;0.0
2025-08-28T20:10:02Z;46.9499415;10.3700347;0.0
2025-08-28T20:10:04Z;46.9499415;10.3700347;0.0
2025-08-28T20:10:05.001Z;46.9499415;10.3700347;0.0
2025-08-28T20:10:09.001Z;46.9499415;10.3700347;0.0
2025-08-28T20:10:13.999Z;46.9499415;10.3700347;0.0
2025-08-28T20:10:18.998Z;46.9499415;10.3700347;0.0
2025-08-28T20:10:23.999Z;46.9499415;10.3700347;0.0
2025-08-28T20:10:28.999Z;46.9499415;10.3700347;0.0
2025-08-28T20:10:33.999Z;46.9499415;10.3700347;0.0
2025-08-28T20:10:38.999Z;46.9499415;10.3700347;0.0
2025-08-28T20:10:42.999Z;46.9499415;10.3700347;0.0
2025-08-28T20:10:43.999Z;46.9499415;10.3700347;0.0
2025-08-28T20:10:48.999Z;46.9499415;10.3700347;0.0
2025-08-28T20:10:53.999Z;46.9499415;10.3700347;0.0
2025-08-28T20:10:58.998Z;46.9499415;10.3700347;0.0
2025-08-28T20:11:03.998Z;46.9499415;10.3700347;0.0
2025-08-28T20:11:08.999Z;46.9499415;10.3700347;0.0
2025-08-28T20:11:13.998Z;46.9499415;10.3700347;0.0
2025-08-28T20:11:18.994Z;46.9499415;10.3700347;0.0
2025-08-28T20:11:23.999Z;46.9499415;10.3700347;0.0
2025-08-28T20:11:28.999Z;46.9499415;10.3700347;0.0
2025-08-28T20:11:33.999Z;46.9499415;10.3700347;0.0
2025-08-28T20:11:38.999Z;46.9499415;10.3700347;0.0
2025-08-28T20:11:44Z;46.9499415;10.3700347;0.0
2025-08-28T20:11:48.999Z;46.9499415;10.3700347;0.0
2025-08-28T20:11:49.999Z;46.9499415;10.3700347;0.0
2025-08-28T20:11:54Z;46.9499415;10.3700347;0.0
2025-08-28T20:11:58.999Z;46.9499415;10.3700347;0.0
2025-08-28T20:12:04Z;46.9499415;10.3700347;0.0
2025-08-28T20:12:08.994Z;46.9499415;10.3700347;0.0
2025-08-28T20:12:09.999Z;46.9499415;10.3700347;0.0
2025-08-28T20:12:14.001Z;46.9499415;10.3700347;0.0
2025-08-28T20:12:16.001Z;46.9499415;10.3700347;0.0
2025-08-28T20:12:19.001Z;46.9499415;10.3700347;0.0
2025-08-28T20:12:24Z;46.9499415;10.3700347;0.0
2025-08-28T20:12:29.001Z;46.9499415;10.3700347;0.0
2025-08-28T20:12:34Z;46.9499415;10.3700347;0.0
2025-08-28T20:12:39Z;46.9499415;10.3700347;0.0
2025-08-28T20:12:44.001Z;46.9499415;10.3700347;0.0
2025-08-28T20:12:49Z;46.9499415;10.3700347;0.0
2025-08-28T20:12:50Z;46.9499415;10.3700347;0.0
2025-08-28T20:12:53.989Z;46.9499415;10.3700347;0.0
2025-08-28T20:12:59.001Z;46.9499415;10.3700347;0.0
2025-08-28T20:13:04.001Z;46.9499415;10.3700347;0.0
