time;latitude;longitude;velocity
2025-08-24T11:03:25.203Z;46.6971551;9.4409793;6.63
2025-08-24T11:03:49.204Z;46.6953954;9.4415535;8.52
2025-08-24T11:03:59.203Z;46.694934;9.4416794;1.52
2025-08-24T11:04:04.204Z;46.6949244;9.4417036;0.0
2025-08-24T11:04:09.203Z;46.6949424;9.4418317;3.71
2025-08-24T11:04:29.202Z;46.6968497;9.4421848;12.58
2025-08-24T11:04:44.202Z;46.6974503;9.4442745;15.63
2025-08-24T11:04:53.203Z;46.6969258;9.4460535;16.8
2025-08-24T11:05:24.202Z;46.6954564;9.4531077;19.49
2025-08-24T11:05:29.203Z;46.6955793;9.4543844;20.0
2025-08-24T11:05:34.202Z;46.6958607;9.4556484;20.24
2025-08-24T11:05:36.202Z;46.6960064;9.4561033;20.13
2025-08-24T11:05:39.203Z;46.6962797;9.4568067;20.02
2025-08-24T11:05:44.203Z;46.6968397;9.4578482;20.33
2025-08-24T11:05:49.202Z;46.6974865;9.4587665;20.46
2025-08-24T11:05:54.202Z;46.6981586;9.4596724;19.8
2025-08-24T11:05:59.202Z;46.6987524;9.4605967;19.86
2025-08-24T11:06:04.202Z;46.6992472;9.4616907;20.13
2025-08-24T11:06:09.202Z;46.6995889;9.4629222;20.44
2025-08-24T11:06:14.202Z;46.6997589;9.4642627;20.71
2025-08-24T11:06:19.203Z;46.699742;9.4655656;19.91
2025-08-24T11:06:24.203Z;46.6995497;9.4668308;19.58
2025-08-24T11:06:29.203Z;46.6992014;9.4680026;19.19
2025-08-24T11:06:34.204Z;46.6989011;9.468875;19.6
2025-08-24T11:06:39.202Z;46.6985082;9.469921;18.44
2025-08-24T11:06:44.203Z;46.6980883;9.4708887;16.77
2025-08-24T11:06:49.203Z;46.6974723;9.4714376;16.3
2025-08-24T11:06:54.202Z;46.6968257;9.4717785;14.63
2025-08-24T11:06:59.203Z;46.6965587;9.4725524;14.02
2025-08-24T11:07:04.203Z;46.6963954;9.4735218;15.77
2025-08-24T11:07:09.204Z;46.6963702;9.4744889;14.83
2025-08-24T11:07:14.203Z;46.6965071;9.4754654;16.3
2025-08-24T11:07:19.203Z;46.6964564;9.4765376;16.05
2025-08-24T11:07:24.202Z;46.696343;9.4775093;14.44
2025-08-24T11:07:29.203Z;46.6960319;9.4782913;13.8
2025-08-24T11:07:34.202Z;46.6957251;9.4788972;9.19
2025-08-24T11:07:39.203Z;46.6955247;9.4792952;6.21
2025-08-24T11:07:44.203Z;46.6953179;9.4795589;6.71
2025-08-24T11:07:49.203Z;46.6950222;9.4796783;7.46
2025-08-24T11:07:54.203Z;46.694566;9.479692;11.77
2025-08-24T11:07:59.204Z;46.6940918;9.4799857;11.96
2025-08-24T11:08:04.203Z;46.6939162;9.4807414;12.77
2025-08-24T11:08:09.202Z;46.6935082;9.4813521;12.99
2025-08-24T11:08:14.203Z;46.6933202;9.4820918;12.71
2025-08-24T11:08:19.203Z;46.6933522;9.4829519;13.99
2025-08-24T11:08:24.203Z;46.693037;9.4838199;16.08
2025-08-24T11:08:29.203Z;46.6927086;9.4847931;17.22
2025-08-24T11:08:34.203Z;46.6927545;9.4858842;16.94
2025-08-24T11:08:39.203Z;46.6929495;9.4868859;15.63
2025-08-24T11:08:44.203Z;46.6928408;9.4879527;17.22
2025-08-24T11:08:49.203Z;46.692708;9.4890656;17.16
2025-08-24T11:08:54.203Z;46.6926326;9.4901854;17.41
2025-08-24T11:08:59.203Z;46.6927928;9.4913127;17.44
2025-08-24T11:09:04.203Z;46.692911;9.4923598;15.69
2025-08-24T11:09:08.204Z;46.692742;9.4930364;13.88
2025-08-24T11:09:09.204Z;46.6926476;9.493176;14.1
2025-08-24T11:09:14.203Z;46.6920481;9.4937875;17.08
2025-08-24T11:09:19.204Z;46.6914334;9.4944431;17.27
2025-08-24T11:09:24.203Z;46.6911317;9.4954244;16.58
2025-08-24T11:09:29.203Z;46.6911015;9.4965439;16.88
2025-08-24T11:09:34.203Z;46.6907769;9.4974886;16.58
2025-08-24T11:09:39.203Z;46.6901897;9.4980933;16.13
2025-08-24T11:09:44.204Z;46.6894756;9.4984911;18.05
2025-08-24T11:09:49.203Z;46.6887971;9.499234;20.38
2025-08-24T11:09:54.202Z;46.6880907;9.5000311;20.35
2025-08-24T11:09:57.202Z;46.6877118;9.5005723;20.0
2025-08-24T11:09:59.203Z;46.6874964;9.5009987;19.63
2025-08-24T11:10:04.202Z;46.6871941;9.5021803;19.33
2025-08-24T11:10:09.203Z;46.6871793;9.5034233;18.66
2025-08-24T11:10:14.203Z;46.6871495;9.5046036;17.74
2025-08-24T11:10:19.202Z;46.6867831;9.5056532;17.77
2025-08-24T11:10:24.203Z;46.6861883;9.5063855;16.94
2025-08-24T11:10:29.203Z;46.6858576;9.5073291;15.83
2025-08-24T11:10:34.202Z;46.6860363;9.5083574;16.13
2025-08-24T11:10:39.203Z;46.686251;9.5093383;16.19
2025-08-24T11:10:44.203Z;46.6860381;9.5103407;16.58
2025-08-24T11:10:46.203Z;46.6858488;9.5106588;16.99
2025-08-24T11:10:49.202Z;46.685526;9.511161;18.16
2025-08-24T11:10:54.202Z;46.6849324;9.512056;19.46
2025-08-24T11:10:59.202Z;46.6844679;9.513197;21.05
2025-08-24T11:11:04.202Z;46.6840706;9.5144776;22.38
2025-08-24T11:11:09.202Z;46.6836644;9.5158125;22.36
2025-08-24T11:11:14.201Z;46.6832543;9.5171506;22.24
2025-08-24T11:11:19.202Z;46.6828501;9.5184764;22.08
2025-08-24T11:11:24.202Z;46.6824478;9.5197923;21.77
2025-08-24T11:11:29.202Z;46.6820577;9.5210765;21.44
2025-08-24T11:11:34.202Z;46.6816699;9.5223514;20.99
2025-08-24T11:11:39.203Z;46.6813374;9.5235424;18.75
2025-08-24T11:11:44.202Z;46.6812975;9.5246829;17.13
2025-08-24T11:11:49.203Z;46.6812891;9.5257723;16.88
2025-08-24T11:11:54.203Z;46.6808414;9.5268015;17.85
2025-08-24T11:11:59.202Z;46.6801967;9.5275183;18.47
2025-08-24T11:12:04.203Z;46.679531;9.5282332;17.77
2025-08-24T11:12:09.203Z;46.6791858;9.5291793;16.41
2025-08-24T11:12:14.202Z;46.6793605;9.5301955;16.02
2025-08-24T11:12:19.203Z;46.6796669;9.531149;17.08
2025-08-24T11:12:24.203Z;46.6798194;9.5323021;18.66
2025-08-24T11:12:29.202Z;46.679615;9.5334988;18.91
2025-08-24T11:12:34.203Z;46.6794084;9.5346471;18.58
2025-08-24T11:12:39.204Z;46.6792793;9.5358527;19.08
2025-08-24T11:12:44.203Z;46.6791609;9.5371012;19.35
2025-08-24T11:12:49.203Z;46.6790349;9.5383659;20.19
2025-08-24T11:12:54.203Z;46.6789104;9.5396476;20.02
2025-08-24T11:12:55.203Z;46.6788842;9.5399083;19.91
2025-08-24T11:12:59.203Z;46.6787742;9.5409173;19.13
2025-08-24T11:13:02.203Z;46.6786009;9.5415872;18.38
2025-08-24T11:13:04.203Z;46.6784174;9.541987;18.66
2025-08-24T11:13:05.203Z;46.6783045;9.5421683;18.91
2025-08-24T11:13:09.203Z;46.6777468;9.5427737;19.35
2025-08-24T11:13:14.203Z;46.6769734;9.5434127;20.13
2025-08-24T11:13:19.202Z;46.6762995;9.5442623;20.85
2025-08-24T11:13:24.203Z;46.6757027;9.545368;21.46
2025-08-24T11:13:29.202Z;46.6751332;9.5464698;21.05
2025-08-24T11:13:34.202Z;46.6745724;9.5475511;20.35
2025-08-24T11:13:39.203Z;46.6740276;9.5486037;19.63
2025-08-24T11:13:44.202Z;46.6735259;9.5496362;19.1
2025-08-24T11:13:49.203Z;46.6731647;9.5507887;19.19
2025-08-24T11:13:54.203Z;46.6729992;9.5520272;19.19
2025-08-24T11:13:59.203Z;46.6730364;9.5532591;18.94
2025-08-24T11:14:04.204Z;46.6732895;9.5544762;20.02
2025-08-24T11:14:09.204Z;46.6736088;9.5557091;21.16
2025-08-24T11:14:14.202Z;46.673841;9.5570537;21.3
2025-08-24T11:14:19.204Z;46.6738554;9.5584179;20.58
2025-08-24T11:14:24.203Z;46.6736444;9.5597073;20.21
2025-08-24T11:14:29.202Z;46.6732269;9.560857;19.83
2025-08-24T11:14:34.203Z;46.6726968;9.5618592;19.27
2025-08-24T11:14:39.203Z;46.6721412;9.562819;19.49
2025-08-24T11:14:44.203Z;46.6715335;9.563732;18.61
2025-08-24T11:14:49.203Z;46.6708973;9.5644297;17.77
2025-08-24T11:14:54.203Z;46.6702032;9.5649654;16.16
2025-08-24T11:14:59.203Z;46.6695949;9.5654279;14.49
2025-08-24T11:15:04.203Z;46.6691519;9.5660739;14.44
2025-08-24T11:15:09.203Z;46.6688285;9.5669642;15.58
2025-08-24T11:15:14.203Z;46.6683655;9.5677803;16.52
2025-08-24T11:15:19.203Z;46.6679379;9.5686225;15.55
2025-08-24T11:15:20.203Z;46.6678722;9.568794;15.27
2025-08-24T11:15:24.203Z;46.6675542;9.5693974;14.13
2025-08-24T11:15:27.203Z;46.6672836;9.5697746;13.27
2025-08-24T11:15:29.202Z;46.6671386;9.5700717;12.77
2025-08-24T11:15:34.203Z;46.6667378;9.5705846;12.33
2025-08-24T11:15:39.203Z;46.6661861;9.57082;12.99
2025-08-24T11:15:44.203Z;46.6656636;9.5710806;11.6
2025-08-24T11:15:49.203Z;46.6652034;9.5712791;10.3
2025-08-24T11:15:54.203Z;46.6647361;9.5712575;9.3
2025-08-24T11:15:59.202Z;46.6643708;9.5712548;7.88
2025-08-24T11:16:04.203Z;46.6641609;9.5715851;6.16
2025-08-24T11:16:09.203Z;46.6640546;9.5718075;1.91
2025-08-24T11:16:14.202Z;46.6640423;9.5718384;0.0
2025-08-24T11:16:19.203Z;46.6640709;9.5719591;2.58
2025-08-24T11:16:24.203Z;46.6641413;9.5721047;2.66
2025-08-24T11:16:29.202Z;46.6642483;9.5719958;1.94
2025-08-24T11:16:34.203Z;46.6641918;9.5718709;1.8
2025-08-24T11:16:39.202Z;46.6641542;9.5718364;0.0
2025-08-24T11:16:44.203Z;46.6641542;9.5718364;0.0
2025-08-24T11:16:49.202Z;46.6641542;9.5718364;0.0
2025-08-24T11:16:54.203Z;46.6641542;9.5718364;0.0
2025-08-24T11:16:59.202Z;46.6641542;9.5718364;0.0
2025-08-24T11:17:04.203Z;46.6641542;9.5718364;0.0
2025-08-24T11:17:09.203Z;46.6641542;9.5718364;0.0
2025-08-24T11:17:14.203Z;46.6641542;9.5718364;0.0
2025-08-24T11:17:19.203Z;46.6641542;9.5718364;0.0
2025-08-24T11:17:24.203Z;46.6641542;9.5718364;0.0
2025-08-24T11:17:29.202Z;46.6641542;9.5718364;0.0
2025-08-24T11:17:34.203Z;46.6641542;9.5718364;0.0
2025-08-24T11:17:39.203Z;46.6641542;9.5718364;0.0
2025-08-24T11:17:44.203Z;46.6641542;9.5718364;0.0
2025-08-24T11:17:49.202Z;46.6641542;9.5718364;0.0
2025-08-24T11:17:54.203Z;46.6641542;9.5718364;0.0
2025-08-24T11:17:59.202Z;46.6641542;9.5718364;0.0
2025-08-24T11:18:02.203Z;46.6641542;9.5718364;0.0
2025-08-24T11:18:04.203Z;46.6641542;9.5718364;0.0
2025-08-24T11:18:09.203Z;46.6641542;9.5718364;0.0
2025-08-24T11:18:14.203Z;46.6641542;9.5718364;0.0
2025-08-24T11:18:19.203Z;46.6641542;9.5718364;0.0
2025-08-24T11:18:24.203Z;46.6641542;9.5718364;0.0
2025-08-24T11:18:25.202Z;46.6641542;9.5718364;0.0
2025-08-24T11:18:29.202Z;46.6641542;9.5718364;0.0
2025-08-24T11:18:34.202Z;46.6641542;9.5718364;0.0
2025-08-24T11:18:39.202Z;46.6641542;9.5718364;0.0
2025-08-24T11:18:44.202Z;46.6641542;9.5718364;0.0
2025-08-24T11:18:49.202Z;46.6641542;9.5718364;0.0
2025-08-24T11:18:54.203Z;46.6641542;9.5718364;0.0
2025-08-24T11:18:59.203Z;46.6641542;9.5718364;0.0
2025-08-24T11:19:00.203Z;46.6641542;9.5718364;0.0
2025-08-24T11:19:04.202Z;46.6641542;9.5718364;0.0
2025-08-24T11:19:09.203Z;46.6641542;9.5718364;0.0
2025-08-24T11:19:14.203Z;46.6641542;9.5718364;0.0
2025-08-24T11:19:19.202Z;46.6641542;9.5718364;0.0
2025-08-24T11:19:24.203Z;46.6641542;9.5718364;0.0
2025-08-24T11:19:28.202Z;46.6641542;9.5718364;0.0
2025-08-24T11:19:29.202Z;46.6641542;9.5718364;0.0
2025-08-24T11:19:33.203Z;46.6641542;9.5718364;0.0
2025-08-24T11:19:34.202Z;46.6641542;9.5718364;0.0
2025-08-24T11:19:39.203Z;46.6641542;9.5718364;0.0
2025-08-24T11:19:44.203Z;46.6641542;9.5718364;0.0
2025-08-24T11:19:49.203Z;46.6641542;9.5718364;0.0
2025-08-24T11:19:54.203Z;46.6641542;9.5718364;0.0
2025-08-24T11:19:59.202Z;46.6641528;9.5718381;0.0
2025-08-24T11:20:04.203Z;46.6641528;9.5718381;0.0
2025-08-24T11:20:09.203Z;46.664139;9.5718153;0.97
2025-08-24T11:20:14.202Z;46.6641096;9.5718164;0.0
2025-08-24T11:20:19.202Z;46.6641091;9.5718165;0.0
2025-08-24T11:20:24.203Z;46.6641091;9.5718165;0.0
2025-08-24T11:20:29.202Z;46.6641091;9.5718165;0.0
2025-08-24T11:20:34.203Z;46.6641083;9.5718164;0.0
2025-08-24T11:20:39.203Z;46.6640884;9.5718034;0.83
2025-08-24T11:20:44.202Z;46.6640013;9.5718599;2.94
2025-08-24T11:20:49.202Z;46.6638633;9.572236;7.58
2025-08-24T11:20:54.203Z;46.663642;9.5727319;9.86
2025-08-24T11:20:59.203Z;46.6633768;9.5733439;11.13
2025-08-24T11:21:04.203Z;46.6630985;9.5740377;12.44
2025-08-24T11:21:09.203Z;46.6629283;9.5747935;11.91
2025-08-24T11:21:14.203Z;46.6627337;9.5754927;10.88
2025-08-24T11:21:19.204Z;46.662622;9.576102;9.66
2025-08-24T11:21:24.203Z;46.6626993;9.5767244;9.74
2025-08-24T11:21:29.203Z;46.662593;9.5773345;10.0
2025-08-24T11:21:34.202Z;46.662326;9.5779443;11.83
2025-08-24T11:21:39.203Z;46.6620423;9.5785421;10.91
2025-08-24T11:21:41.202Z;46.661942;9.5787733;9.3
2025-08-24T11:21:44.203Z;46.6618124;9.5790137;6.94
2025-08-24T11:21:49.203Z;46.6615672;9.5791475;5.33
2025-08-24T11:21:54.203Z;46.661396;9.5794866;7.63
2025-08-24T11:21:59.202Z;46.6611435;9.5800025;11.35
2025-08-24T11:22:04.203Z;46.6610404;9.5807904;12.8
2025-08-24T11:22:09.203Z;46.6609384;9.5816177;13.55
2025-08-24T11:22:13.203Z;46.6606439;9.5821836;13.94
2025-08-24T11:22:14.203Z;46.6605529;9.582279;14.02
2025-08-24T11:22:19.203Z;46.6600121;9.5827844;14.63
2025-08-24T11:22:24.203Z;46.659421;9.5831191;14.66
2025-08-24T11:22:29.203Z;46.6588499;9.582717;14.63
2025-08-24T11:22:34.203Z;46.6585441;9.5818431;16.11
2025-08-24T11:22:39.203Z;46.6582653;9.5808531;16.74
2025-08-24T11:22:44.203Z;46.6579969;9.5798299;16.94
2025-08-24T11:22:49.203Z;46.657752;9.5788182;16.6
2025-08-24T11:22:54.203Z;46.6574828;9.5778339;16.35
2025-08-24T11:22:59.203Z;46.6570639;9.5769639;16.58
2025-08-24T11:23:04.202Z;46.6565037;9.5762551;16.77
2025-08-24T11:23:09.202Z;46.6560265;9.575478;15.71
2025-08-24T11:23:14.203Z;46.655572;9.574822;13.94
2025-08-24T11:23:19.203Z;46.6549554;9.5746249;14.77
2025-08-24T11:23:24.203Z;46.654381;9.5748636;14.08
2025-08-24T11:23:29.202Z;46.6540996;9.575685;14.49
2025-08-24T11:23:34.203Z;46.6537876;9.5763694;11.63
2025-08-24T11:23:39.203Z;46.6532644;9.5764656;12.91
2025-08-24T11:23:44.204Z;46.6526403;9.5764985;14.49
2025-08-24T11:23:49.204Z;46.6520074;9.5768385;15.63
2025-08-24T11:23:54.203Z;46.6513301;9.5771493;16.21
2025-08-24T11:23:59.203Z;46.6507127;9.5769732;13.58
2025-08-24T11:24:04.203Z;46.6501685;9.5769386;11.94
2025-08-24T11:24:05.203Z;46.6500817;9.5770277;11.96
2025-08-24T11:24:09.203Z;46.6499169;9.5776009;13.05
2025-08-24T11:24:14.203Z;46.6496392;9.5784104;14.41
2025-08-24T11:24:19.203Z;46.6492268;9.5790638;13.69
2025-08-24T11:24:24.202Z;46.6489124;9.5797247;10.71
2025-08-24T11:24:29.202Z;46.6485077;9.5797474;9.27
2025-08-24T11:24:34.203Z;46.6482704;9.5801339;9.19
2025-08-24T11:24:35.203Z;46.6482793;9.580281;9.27
2025-08-24T11:24:39.203Z;46.6481576;9.5806792;8.96
2025-08-24T11:24:44.203Z;46.6477229;9.580838;10.97
2025-08-24T11:24:49.203Z;46.6472483;9.5812241;13.24
2025-08-24T11:24:54.203Z;46.6467951;9.5818905;14.88
2025-08-24T11:24:55.203Z;46.6467138;9.5820072;15.13
2025-08-24T11:24:59.202Z;46.6463064;9.5825816;15.69
2025-08-24T11:25:04.203Z;46.6458113;9.5832658;15.13
2025-08-24T11:25:09.203Z;46.6451822;9.5836208;14.91
2025-08-24T11:25:14.204Z;46.6446353;9.5839999;13.27
2025-08-24T11:25:19.203Z;46.644184;9.5845466;13.41
2025-08-24T11:25:24.203Z;46.6437164;9.5849661;11.77
2025-08-24T11:25:29.203Z;46.6431995;9.5847529;12.83
2025-08-24T11:25:34.203Z;46.6427269;9.5843525;11.49
2025-08-24T11:25:39.203Z;46.6423165;9.5844349;9.66
2025-08-24T11:25:44.203Z;46.642328;9.5850178;9.66
2025-08-24T11:25:49.203Z;46.6421522;9.5854865;8.96
2025-08-24T11:25:54.203Z;46.6416723;9.5855271;11.91
2025-08-24T11:25:59.203Z;46.6411337;9.5858075;13.77
2025-08-24T11:26:04.203Z;46.6404864;9.5856698;15.69
2025-08-24T11:26:09.202Z;46.6397763;9.5853339;17.52
2025-08-24T11:26:14.203Z;46.6389606;9.5851486;19.33
2025-08-24T11:26:19.202Z;46.6380842;9.5853197;20.35
2025-08-24T11:26:24.201Z;46.6371963;9.5856331;20.16
2025-08-24T11:26:29.202Z;46.6363244;9.5859456;19.94
2025-08-24T11:26:34.203Z;46.63544;9.5862332;20.83
2025-08-24T11:26:39.203Z;46.6344832;9.5864021;21.63
2025-08-24T11:26:44.202Z;46.6335411;9.5864499;20.13
2025-08-24T11:26:45.203Z;46.6333776;9.5864596;19.66
2025-08-24T11:26:49.203Z;46.632677;9.5866276;18.24
2025-08-24T11:26:54.203Z;46.631904;9.5869093;17.8
2025-08-24T11:26:59.202Z;46.6312096;9.587265;15.91
2025-08-24T11:27:03.203Z;46.6307421;9.5875994;13.21
2025-08-24T11:27:04.202Z;46.6306325;9.5876073;12.6
2025-08-24T11:27:09.203Z;46.6303076;9.5871599;10.3
2025-08-24T11:27:14.203Z;46.6304784;9.5865131;12.08
2025-08-24T11:27:19.202Z;46.630759;9.5858192;11.91
2025-08-24T11:27:24.203Z;46.6305775;9.5851686;11.66
2025-08-24T11:27:29.202Z;46.630022;9.5848923;14.41
2025-08-24T11:27:34.205Z;46.6293797;9.5845217;15.85
2025-08-24T11:27:39.203Z;46.6287343;9.5841242;16.27
2025-08-24T11:27:44.203Z;46.6279691;9.5842696;17.69
2025-08-24T11:27:49.202Z;46.6272168;9.5848466;19.88
2025-08-24T11:27:54.203Z;46.6264351;9.5854686;20.1
2025-08-24T11:27:59.203Z;46.6256482;9.5860703;18.75
2025-08-24T11:28:04.202Z;46.62514;9.5868939;16.6
2025-08-24T11:28:09.203Z;46.6246374;9.5876071;15.55
2025-08-24T11:28:14.204Z;46.6239814;9.5880244;16.94
2025-08-24T11:28:19.202Z;46.623393;9.5887838;18.21
2025-08-24T11:28:24.203Z;46.6227426;9.5895059;17.58
2025-08-24T11:28:29.203Z;46.6219725;9.5896739;17.44
2025-08-24T11:28:34.202Z;46.6211998;9.5898227;18.47
2025-08-24T11:28:39.203Z;46.6203485;9.5902843;20.83
2025-08-24T11:28:44.203Z;46.6194765;9.5908186;20.97
2025-08-24T11:28:49.203Z;46.6186532;9.5914619;21.05
2025-08-24T11:28:54.203Z;46.6177905;9.5919751;20.46
2025-08-24T11:28:59.203Z;46.6169361;9.5923467;19.44
2025-08-24T11:29:04.203Z;46.6162;9.5929135;18.41
2025-08-24T11:29:09.202Z;46.6154916;9.5935251;18.33
2025-08-24T11:29:13.202Z;46.6148303;9.5936377;18.24
2025-08-24T11:29:14.203Z;46.6146622;9.5936035;18.3
2025-08-24T11:29:19.203Z;46.6138837;9.5931201;19.33
2025-08-24T11:29:24.202Z;46.613133;9.5925028;19.55
2025-08-24T11:29:28.203Z;46.6125067;9.5920656;19.08
2025-08-24T11:29:29.204Z;46.6123414;9.5919977;18.99
2025-08-24T11:29:34.202Z;46.6115077;9.5918588;17.91
2025-08-24T11:29:39.202Z;46.6108286;9.5917529;13.88
2025-08-24T11:29:44.204Z;46.6103071;9.5916321;10.24
2025-08-24T11:29:49.204Z;46.6098504;9.5915772;10.38
2025-08-24T11:29:54.202Z;46.6094146;9.5916538;9.05
2025-08-24T11:29:59.203Z;46.6091751;9.5915826;3.27
2025-08-24T11:30:00.202Z;46.6091965;9.5915894;1.6
2025-08-24T11:30:04.202Z;46.6091422;9.5915732;0.58
2025-08-24T11:30:09.203Z;46.6089683;9.5915022;6.63
2025-08-24T11:30:14.203Z;46.6085736;9.5915531;9.96
2025-08-24T11:30:19.203Z;46.6080891;9.5917235;12.08
2025-08-24T11:30:24.203Z;46.6076015;9.5917023;9.19
2025-08-24T11:30:29.203Z;46.6071589;9.5916945;11.13
2025-08-24T11:30:34.202Z;46.6065917;9.5918374;14.46
2025-08-24T11:30:39.203Z;46.6059007;9.5920127;16.38
2025-08-24T11:30:44.203Z;46.6051654;9.5922008;17.27
2025-08-24T11:30:49.201Z;46.604372;9.5924019;18.33
2025-08-24T11:30:54.203Z;46.6035294;9.5926141;19.38
2025-08-24T11:30:59.204Z;46.6026938;9.5928335;18.88
2025-08-24T11:31:04.201Z;46.6018894;9.5930366;17.8
2025-08-24T11:31:09.202Z;46.6011156;9.5933028;17.13
2025-08-24T11:31:14.202Z;46.6004345;9.5937709;16.44
2025-08-24T11:31:19.202Z;46.5998422;9.5943612;16.19
2025-08-24T11:31:24.202Z;46.59925;9.5949707;15.33
2025-08-24T11:31:29.202Z;46.5987574;9.5954836;12.58
2025-08-24T11:31:34.202Z;46.5983287;9.5959708;11.66
2025-08-24T11:31:39.202Z;46.5979202;9.5964193;10.91
2025-08-24T11:31:44.202Z;46.5975171;9.5968339;10.44
2025-08-24T11:31:49.203Z;46.5971574;9.5972234;10.19
2025-08-24T11:31:54.202Z;46.59699;9.5974376;0.94
2025-08-24T11:31:59.202Z;46.5969464;9.5975164;3.08
2025-08-24T11:32:04.203Z;46.5967417;9.5978431;9.13
2025-08-24T11:32:09.202Z;46.5964692;9.5983834;10.27
2025-08-24T11:32:14.203Z;46.5962872;9.5988045;5.49
2025-08-24T11:32:19.202Z;46.5961787;9.5990393;4.3
2025-08-24T11:32:24.202Z;46.595998;9.5994159;9.13
2025-08-24T11:32:29.203Z;46.5957572;9.5999429;10.19
2025-08-24T11:32:34.202Z;46.595547;9.6004366;7.55
2025-08-24T11:32:39.202Z;46.5955422;9.6008206;4.69
2025-08-24T11:32:44.203Z;46.5954969;9.6009638;1.49
2025-08-24T11:32:49.202Z;46.5954638;9.6010102;0.0
2025-08-24T11:32:54.202Z;46.5954638;9.6010102;0.0
2025-08-24T11:32:59.202Z;46.5954638;9.6010102;0.0
2025-08-24T11:33:04.202Z;46.5954638;9.6010102;0.0
2025-08-24T11:33:09.202Z;46.5954638;9.6010102;0.0
2025-08-24T11:33:14.203Z;46.5954638;9.6010102;0.0
2025-08-24T11:33:19.202Z;46.5954638;9.6010102;0.0
2025-08-24T11:33:24.202Z;46.5954638;9.6010102;0.0
2025-08-24T11:33:29.202Z;46.5954638;9.6010102;0.0
2025-08-24T11:33:34.202Z;46.5954638;9.6010102;0.0
2025-08-24T11:33:39.202Z;46.5954638;9.6010102;0.0
2025-08-24T11:33:44.203Z;46.5954638;9.6010102;0.0
2025-08-24T11:33:49.202Z;46.5954638;9.6010102;0.0
2025-08-24T11:33:54.202Z;46.5954638;9.6010102;0.0
2025-08-24T11:33:59.203Z;46.5954638;9.6010102;0.0
2025-08-24T11:34:04.202Z;46.5954638;9.6010102;0.0
2025-08-24T11:34:09.202Z;46.5954638;9.6010102;0.0
2025-08-24T11:34:14.203Z;46.5954638;9.6010102;0.0
2025-08-24T11:34:19.202Z;46.5954638;9.6010102;0.0
2025-08-24T11:34:24.202Z;46.5954638;9.6010102;0.0
2025-08-24T11:34:29.202Z;46.5954638;9.6010102;0.0
2025-08-24T11:34:34.202Z;46.5954638;9.6010102;0.0
2025-08-24T11:34:39.202Z;46.5954626;9.6010098;0.0
2025-08-24T11:34:44.203Z;46.5954626;9.6010098;0.0
2025-08-24T11:34:49.202Z;46.5954626;9.6010098;0.0
2025-08-24T11:34:54.203Z;46.5954626;9.6010098;0.0
2025-08-24T11:34:59.202Z;46.5954626;9.6010098;0.0
2025-08-24T11:35:04.203Z;46.5954376;9.6010373;1.6
2025-08-24T11:35:09.203Z;46.5953597;9.6010313;0.91
2025-08-24T11:35:11.204Z;46.5953307;9.6010247;0.52
2025-08-24T11:35:14.204Z;46.5953046;9.6010217;1.63
2025-08-24T11:35:19.202Z;46.5951723;9.6012189;6.41
2025-08-24T11:35:24.202Z;46.5949399;9.6017109;11.02
2025-08-24T11:35:29.202Z;46.594632;9.6023713;12.77
2025-08-24T11:35:34.202Z;46.5942702;9.6031018;14.86
2025-08-24T11:35:39.203Z;46.5938949;9.6039478;16.11
2025-08-24T11:35:44.202Z;46.5934688;9.6048914;17.96
2025-08-24T11:35:49.202Z;46.5930147;9.6058765;18.27
2025-08-24T11:35:54.203Z;46.5925241;9.6068433;17.99
2025-08-24T11:35:59.203Z;46.5919302;9.6075929;17.77
2025-08-24T11:36:04.203Z;46.591326;9.6083654;18.08
2025-08-24T11:36:09.203Z;46.5906976;9.6091371;18.33
2025-08-24T11:36:14.203Z;46.5899249;9.609626;18.85
2025-08-24T11:36:19.202Z;46.5891315;9.6100623;18.8
2025-08-24T11:36:24.202Z;46.5883867;9.6106669;19.41
2025-08-24T11:36:29.203Z;46.5876565;9.6113241;19.1
2025-08-24T11:36:34.202Z;46.5869578;9.6119484;17.41
2025-08-24T11:36:36.202Z;46.5866778;9.6121955;16.77
2025-08-24T11:36:39.202Z;46.5863127;9.6125243;15.21
2025-08-24T11:36:44.202Z;46.5858219;9.6129887;12.38
2025-08-24T11:36:49.202Z;46.585438;9.6135263;11.99
2025-08-24T11:36:54.202Z;46.585046;9.6140767;11.66
2025-08-24T11:36:59.203Z;46.5846564;9.6146154;12.05
2025-08-24T11:37:04.202Z;46.5842723;9.615201;12.3
2025-08-24T11:37:08.203Z;46.5839751;9.6156002;10.58
2025-08-24T11:37:09.202Z;46.5838948;9.615656;10.13
2025-08-24T11:37:14.203Z;46.5835849;9.6160653;9.02
2025-08-24T11:37:19.202Z;46.5834261;9.6163445;2.94
2025-08-24T11:37:24.203Z;46.5833723;9.616535;3.13
2025-08-24T11:37:29.203Z;46.5833091;9.6167002;2.69
2025-08-24T11:37:34.203Z;46.5832426;9.6167616;0.46
2025-08-24T11:37:39.203Z;46.5832364;9.6167688;0.0
2025-08-24T11:37:44.203Z;46.5832363;9.6167691;0.38
2025-08-24T11:37:45.202Z;46.5832236;9.6167847;1.41
2025-08-24T11:37:49.202Z;46.5831952;9.6168214;1.71
2025-08-24T11:37:54.203Z;46.5830664;9.6169617;4.46
2025-08-24T11:37:59.203Z;46.5828579;9.6173648;9.63
2025-08-24T11:38:04.203Z;46.5825524;9.6178773;11.16
2025-08-24T11:38:09.202Z;46.5822285;9.6183947;10.63
2025-08-24T11:38:14.203Z;46.5818733;9.6187535;8.88
2025-08-24T11:38:19.203Z;46.5814965;9.6190875;10.74
2025-08-24T11:38:24.203Z;46.5810711;9.619464;10.99
2025-08-24T11:38:29.203Z;46.5806232;9.619861;12.91
2025-08-24T11:38:34.203Z;46.5801211;9.6203999;14.19
2025-08-24T11:38:39.203Z;46.5796622;9.6210605;15.38
2025-08-24T11:38:44.203Z;46.5791629;9.6218796;17.05
2025-08-24T11:38:49.203Z;46.5786499;9.622696;17.5
2025-08-24T11:38:54.203Z;46.5780619;9.6234388;16.77
2025-08-24T11:38:59.203Z;46.5774756;9.6240579;15.38
2025-08-24T11:39:02.203Z;46.5771673;9.6244012;13.91
2025-08-24T11:39:04.203Z;46.5770273;9.6246777;12.96
2025-08-24T11:39:09.203Z;46.5768152;9.6253571;9.58
2025-08-24T11:39:14.204Z;46.5764551;9.6253811;8.35
2025-08-24T11:39:19.203Z;46.576304;9.6248309;9.96
2025-08-24T11:39:24.204Z;46.5759897;9.6242595;12.05
2025-08-24T11:39:29.203Z;46.5755786;9.6236876;13.77
2025-08-24T11:39:34.203Z;46.5751465;9.6231195;12.13
2025-08-24T11:39:39.203Z;46.574811;9.6226477;8.83
2025-08-24T11:39:44.202Z;46.574534;9.6227475;6.94
2025-08-24T11:39:49.203Z;46.5742358;9.6230253;9.21
2025-08-24T11:39:54.202Z;46.5737849;9.6228831;11.13
2025-08-24T11:39:59.203Z;46.5732849;9.6227037;11.3
2025-08-24T11:40:04.203Z;46.5728691;9.6229432;10.52
2025-08-24T11:40:09.202Z;46.5724824;9.6233895;12.24
2025-08-24T11:40:14.203Z;46.5719139;9.6236422;13.91
2025-08-24T11:40:19.202Z;46.5712959;9.6238463;14.83
2025-08-24T11:40:24.203Z;46.5706607;9.6235756;15.08
2025-08-24T11:40:29.203Z;46.5701324;9.6230845;14.13
2025-08-24T11:40:34.203Z;46.5695113;9.6228062;15.19
2025-08-24T11:40:39.202Z;46.5688666;9.6226176;14.13
2025-08-24T11:40:44.204Z;46.5683027;9.6226415;12.77
2025-08-24T11:40:49.203Z;46.56782;9.6221614;13.44
2025-08-24T11:40:54.203Z;46.5673729;9.6216629;12.33
2025-08-24T11:40:59.203Z;46.5667974;9.6216762;13.75
2025-08-24T11:41:04.203Z;46.5661665;9.6218476;14.91
2025-08-24T11:41:09.203Z;46.5655037;9.6220321;15.0
2025-08-24T11:41:14.203Z;46.5648441;9.6218333;15.8
2025-08-24T11:41:19.203Z;46.5642558;9.6214111;14.24
2025-08-24T11:41:24.203Z;46.5636672;9.6213571;13.41
2025-08-24T11:41:29.203Z;46.5631764;9.6218736;12.91
2025-08-24T11:41:34.203Z;46.5628553;9.6223906;9.3
2025-08-24T11:41:39.203Z;46.5628299;9.6228262;6.94
2025-08-24T11:41:44.203Z;46.5628979;9.6233021;7.46
2025-08-24T11:41:49.203Z;46.5627088;9.6237801;9.13
2025-08-24T11:41:54.203Z;46.562265;9.6239685;11.27
2025-08-24T11:41:59.203Z;46.5617984;9.6242276;11.69
2025-08-24T11:42:04.203Z;46.5613483;9.6245446;10.49
2025-08-24T11:42:09.203Z;46.5609658;9.6245736;5.97
2025-08-24T11:42:14.203Z;46.5607989;9.6246937;4.35
2025-08-24T11:42:19.203Z;46.5606874;9.6247721;2.13
2025-08-24T11:42:20.203Z;46.5606873;9.6247666;1.63
2025-08-24T11:42:24.204Z;46.5606519;9.6247302;0.0
2025-08-24T11:42:29.204Z;46.5606532;9.6247279;0.0
2025-08-24T11:42:34.203Z;46.560639;9.624716;0.3
2025-08-24T11:42:39.202Z;46.5606131;9.6246768;0.77
2025-08-24T11:42:44.203Z;46.5604571;9.6246078;5.33
2025-08-24T11:42:49.202Z;46.5600753;9.6246148;10.55
2025-08-24T11:42:54.203Z;46.5595207;9.6246321;13.47
2025-08-24T11:42:59.203Z;46.5589257;9.6246535;13.44
2025-08-24T11:43:00.204Z;46.558781;9.6246613;13.49
2025-08-24T11:43:04.203Z;46.5582966;9.6246809;14.05
2025-08-24T11:43:09.204Z;46.5576679;9.6247209;13.52
2025-08-24T11:43:14.203Z;46.5570933;9.6247335;12.69
2025-08-24T11:43:18.203Z;46.5566325;9.6247767;13.08
2025-08-24T11:43:19.203Z;46.5565024;9.6247964;13.8
2025-08-24T11:43:24.204Z;46.5558111;9.6248245;17.1
2025-08-24T11:43:29.203Z;46.5549659;9.6248669;19.83
2025-08-24T11:43:34.204Z;46.5540298;9.6249074;21.71
2025-08-24T11:43:39.204Z;46.5530497;9.6249414;22.13
2025-08-24T11:43:44.203Z;46.5520415;9.6249738;22.41
2025-08-24T11:43:49.203Z;46.551027;9.625003;22.74
2025-08-24T11:43:54.202Z;46.5500093;9.6250349;22.27
2025-08-24T11:43:59.202Z;46.5490034;9.6250681;22.1
2025-08-24T11:44:04.202Z;46.5480305;9.6250983;21.94
2025-08-24T11:44:09.203Z;46.5470168;9.6251454;21.71
2025-08-24T11:44:14.203Z;46.5460553;9.6251853;21.35
2025-08-24T11:44:19.203Z;46.5450942;9.6252302;21.41
2025-08-24T11:44:24.203Z;46.5441314;9.6252711;21.25
2025-08-24T11:44:29.203Z;46.5431734;9.625291;22.08
2025-08-24T11:44:34.203Z;46.5421878;9.6251942;21.96
2025-08-24T11:44:39.203Z;46.5412061;9.6249921;21.6
2025-08-24T11:44:44.203Z;46.5402772;9.6247891;21.02
2025-08-24T11:44:49.203Z;46.5393449;9.6245896;20.6
2025-08-24T11:44:54.203Z;46.5384427;9.6244027;19.63
2025-08-24T11:44:59.204Z;46.5375947;9.6240831;18.99
2025-08-24T11:45:04.204Z;46.5367398;9.6240348;19.55
2025-08-24T11:45:09.204Z;46.5358677;9.624108;19.24
2025-08-24T11:45:14.204Z;46.5350158;9.6239119;19.86
2025-08-24T11:45:19.203Z;46.5341571;9.6234616;21.13
2025-08-24T11:45:24.204Z;46.533241;9.6229777;21.74
2025-08-24T11:45:29.203Z;46.532302;9.6224998;21.66
2025-08-24T11:45:34.202Z;46.53143;9.6220551;20.13
2025-08-24T11:45:39.203Z;46.5306047;9.6216369;19.33
2025-08-24T11:45:44.204Z;46.5297869;9.6212205;19.21
2025-08-24T11:45:49.203Z;46.5289777;9.620812;18.99
2025-08-24T11:45:54.203Z;46.5281875;9.6204085;18.02
2025-08-24T11:45:59.203Z;46.5274579;9.6200184;16.88
2025-08-24T11:46:04.204Z;46.5267773;9.6197309;15.33
2025-08-24T11:46:09.204Z;46.5261545;9.6197759;13.08
2025-08-24T11:46:14.204Z;46.5257601;9.6202586;11.19
2025-08-24T11:46:19.204Z;46.5253459;9.6205891;10.6
2025-08-24T11:46:24.204Z;46.5249343;9.6209086;10.97
2025-08-24T11:46:29.204Z;46.5245665;9.6211952;7.58
2025-08-24T11:46:34.203Z;46.5243419;9.6210288;5.74
2025-08-24T11:46:39.203Z;46.5242203;9.6206116;6.94
2025-08-24T11:46:44.203Z;46.5239824;9.6205437;4.77
2025-08-24T11:46:49.203Z;46.5239009;9.6205474;0.0
2025-08-24T11:46:54.204Z;46.5239009;9.6205474;0.0
2025-08-24T11:46:59.203Z;46.5239009;9.6205474;0.0
2025-08-24T11:47:04.203Z;46.5239009;9.6205474;0.0
2025-08-24T11:47:09.204Z;46.5238687;9.6205536;2.58
2025-08-24T11:47:14.204Z;46.523595;9.6206076;8.05
2025-08-24T11:47:19.204Z;46.5231797;9.6206388;10.44
2025-08-24T11:47:24.204Z;46.5226937;9.6208769;11.77
2025-08-24T11:47:29.204Z;46.5222908;9.6213112;12.13
2025-08-24T11:47:34.204Z;46.5218665;9.6218053;12.41
2025-08-24T11:47:39.204Z;46.5213767;9.6221601;12.77
2025-08-24T11:47:44.204Z;46.5211309;9.6228944;13.49
2025-08-24T11:47:49.204Z;46.5210921;9.6238179;14.52
2025-08-24T11:47:54.204Z;46.5209598;9.6247231;13.88
2025-08-24T11:47:59.204Z;46.5206597;9.6254233;13.44
2025-08-24T11:48:04.203Z;46.5201676;9.6259252;12.08
2025-08-24T11:48:09.204Z;46.519712;9.6259269;10.41
2025-08-24T11:48:14.203Z;46.519322;9.6255572;10.27
2025-08-24T11:48:19.203Z;46.5189579;9.6258537;10.19
2025-08-24T11:48:24.203Z;46.5188597;9.6266464;13.55
2025-08-24T11:48:29.203Z;46.5187784;9.6274655;12.88
2025-08-24T11:48:34.203Z;46.5186994;9.6281528;8.21
2025-08-24T11:48:39.203Z;46.5188044;9.6284728;6.05
2025-08-24T11:48:44.203Z;46.5191321;9.6287174;8.71
2025-08-24T11:48:48.203Z;46.5194364;9.628826;9.52
2025-08-24T11:48:49.203Z;46.519533;9.6288599;9.24
2025-08-24T11:48:54.204Z;46.5198092;9.6290627;5.58
2025-08-24T11:48:59.204Z;46.519788;9.6293527;4.6
2025-08-24T11:49:04.203Z;46.519937;9.6294597;3.49
2025-08-24T11:49:06.203Z;46.5199771;9.6294063;2.38
2025-08-24T11:49:09.203Z;46.5200009;9.6293189;0.88
2025-08-24T11:49:14.203Z;46.5198973;9.6291877;3.99
2025-08-24T11:49:19.204Z;46.5197511;9.6289464;5.05
2025-08-24T11:49:22.203Z;46.5195936;9.6288719;7.22
2025-08-24T11:49:24.204Z;46.5194263;9.6288124;8.85
2025-08-24T11:49:29.203Z;46.5190641;9.6286405;8.99
2025-08-24T11:49:34.203Z;46.5187958;9.628379;4.6
2025-08-24T11:49:35.203Z;46.518772;9.6283663;3.19
2025-08-24T11:49:39.204Z;46.5187274;9.6283527;0.0
2025-08-24T11:49:44.204Z;46.5186662;9.628403;2.6
2025-08-24T11:49:49.204Z;46.5186216;9.6287342;7.02
2025-08-24T11:49:54.201Z;46.5183636;9.62916;10.0
2025-08-24T11:49:59.203Z;46.5179079;9.6291471;10.83
2025-08-24T11:50:04.203Z;46.5174358;9.6289349;11.77
2025-08-24T11:50:09.203Z;46.5169473;9.6292415;12.66
2025-08-24T11:50:14.203Z;46.5167142;9.6299648;11.58
2025-08-24T11:50:19.203Z;46.5163997;9.6303796;8.96
2025-08-24T11:50:24.204Z;46.5161141;9.6300203;9.66
2025-08-24T11:50:29.204Z;46.5159559;9.6293485;12.13
2025-08-24T11:50:34.204Z;46.5155871;9.6287035;13.8
2025-08-24T11:50:39.204Z;46.5150114;9.6283155;14.86
2025-08-24T11:50:44.204Z;46.5144351;9.6279889;12.41
2025-08-24T11:50:49.202Z;46.5139751;9.6282045;11.27
2025-08-24T11:50:54.204Z;46.5136196;9.628812;13.55
2025-08-24T11:50:59.204Z;46.5132985;9.6295381;12.85
2025-08-24T11:51:04.204Z;46.5133684;9.6303199;12.38
2025-08-24T11:51:09.204Z;46.5133177;9.631031;10.13
2025-08-24T11:51:14.204Z;46.5133894;9.6314552;6.33
2025-08-24T11:51:19.202Z;46.513603;9.6311714;7.88
2025-08-24T11:51:24.203Z;46.5137651;9.6305797;11.16
2025-08-24T11:51:29.204Z;46.5138788;9.6298925;10.83
2025-08-24T11:51:34.204Z;46.5141246;9.6294031;8.44
2025-08-24T11:51:39.204Z;46.5144644;9.629599;9.52
2025-08-24T11:51:44.204Z;46.5143972;9.630203;10.99
2025-08-24T11:51:47.204Z;46.5142333;9.6305775;11.99
2025-08-24T11:51:49.204Z;46.514111;9.6308477;11.94
2025-08-24T11:51:54.204Z;46.5139682;9.6314745;10.85
2025-08-24T11:51:59.204Z;46.5139111;9.6321478;10.69
2025-08-24T11:52:04.203Z;46.5135134;9.6326439;12.96
2025-08-24T11:52:09.203Z;46.5130041;9.6331113;13.08
2025-08-24T11:52:14.204Z;46.5125416;9.6334986;11.44
2025-08-24T11:52:19.204Z;46.5121074;9.6335422;9.91
2025-08-24T11:52:24.202Z;46.5116739;9.6333804;10.85
2025-08-24T11:52:29.203Z;46.511176;9.6335225;11.05
2025-08-24T11:52:34.202Z;46.51079;9.6339087;11.16
2025-08-24T11:52:39.203Z;46.5104185;9.6344242;11.49
2025-08-24T11:52:44.202Z;46.5099329;9.6347069;12.19
2025-08-24T11:52:49.203Z;46.5095783;9.6350055;6.49
2025-08-24T11:52:54.201Z;46.5093275;9.6353977;9.94
2025-08-24T11:52:59.203Z;46.5089263;9.6358148;11.05
2025-08-24T11:53:04.202Z;46.5086885;9.6364534;11.16
2025-08-24T11:53:09.203Z;46.508283;9.636939;12.52
2025-08-24T11:53:14.202Z;46.5079069;9.6375252;13.33
2025-08-24T11:53:19.203Z;46.5074115;9.6381193;14.94
2025-08-24T11:53:24.202Z;46.506839;9.6387125;16.02
2025-08-24T11:53:29.203Z;46.5062918;9.6393363;15.41
2025-08-24T11:53:34.202Z;46.5056879;9.6398568;15.44
2025-08-24T11:53:39.202Z;46.5050251;9.6401542;15.88
2025-08-24T11:53:44.204Z;46.5043875;9.6406341;16.13
2025-08-24T11:53:49.204Z;46.5036946;9.6409576;15.52
2025-08-24T11:53:54.204Z;46.5030552;9.6411507;13.24
2025-08-24T11:53:59.204Z;46.5025116;9.6408465;13.77
2025-08-24T11:54:04.204Z;46.5019382;9.6406502;11.63
2025-08-24T11:54:09.202Z;46.5014772;9.6407698;11.11
2025-08-24T11:54:14.204Z;46.5010038;9.6412246;13.24
2025-08-24T11:54:19.202Z;46.5003738;9.6413359;15.58
2025-08-24T11:54:24.202Z;46.4996099;9.6414227;17.8
2025-08-24T11:54:29.204Z;46.4988092;9.6415759;18.27
2025-08-24T11:54:34.203Z;46.4980739;9.6417436;15.3
2025-08-24T11:54:39.204Z;46.4975111;9.6419052;10.8
2025-08-24T11:54:44.204Z;46.4972492;9.6421709;3.8
2025-08-24T11:54:49.203Z;46.4972129;9.6422198;0.49
2025-08-24T11:54:54.204Z;46.4971736;9.6424206;4.69
2025-08-24T11:54:59.204Z;46.4970735;9.6426213;3.16
2025-08-24T11:55:04.202Z;46.4970452;9.6426582;0.0
2025-08-24T11:55:09.202Z;46.4970452;9.6426582;0.0
2025-08-24T11:55:14.204Z;46.4970452;9.6426582;0.0
2025-08-24T11:55:19.204Z;46.4970452;9.6426582;0.0
2025-08-24T11:55:24.204Z;46.4970452;9.6426582;0.0
2025-08-24T11:55:29.205Z;46.4970452;9.6426582;0.0
2025-08-24T11:55:34.204Z;46.4970452;9.6426582;0.0
2025-08-24T11:55:39.203Z;46.4970452;9.6426582;0.0
2025-08-24T11:55:44.204Z;46.4970452;9.6426582;0.0
2025-08-24T11:55:49.203Z;46.4970452;9.6426582;0.0
2025-08-24T11:55:54.203Z;46.4970452;9.6426582;0.0
2025-08-24T11:55:59.202Z;46.4970452;9.6426582;0.0
2025-08-24T11:56:04.204Z;46.4970452;9.6426582;0.0
2025-08-24T11:56:09.202Z;46.4970452;9.6426582;0.0
2025-08-24T11:56:14.204Z;46.4970452;9.6426582;0.0
2025-08-24T11:56:19.204Z;46.4970452;9.6426582;0.0
2025-08-24T11:56:24.204Z;46.4970452;9.6426582;0.0
2025-08-24T11:56:29.202Z;46.4970452;9.6426582;0.0
2025-08-24T11:56:34.203Z;46.4970452;9.6426582;0.0
2025-08-24T11:56:38.204Z;46.4970452;9.6426582;0.0
2025-08-24T11:56:39.203Z;46.4970447;9.6426581;0.0
2025-08-24T11:56:44.201Z;46.4970447;9.6426581;0.0
2025-08-24T11:56:49.201Z;46.4970447;9.6426582;0.27
2025-08-24T11:56:54.202Z;46.496954;9.6427155;2.05
2025-08-24T11:56:59.202Z;46.4968959;9.6427083;1.44
2025-08-24T11:57:04.203Z;46.496755;9.6428508;6.27
2025-08-24T11:57:09.202Z;46.4964722;9.6432323;9.63
2025-08-24T11:57:14.201Z;46.4961093;9.6437567;12.16
2025-08-24T11:57:19.202Z;46.4957635;9.6443579;11.6
2025-08-24T11:57:24.202Z;46.4953148;9.6447633;12.38
2025-08-24T11:57:29.202Z;46.4948495;9.6451906;12.08
2025-08-24T11:57:34.203Z;46.4944422;9.6455198;9.3
2025-08-24T11:57:39.202Z;46.4941123;9.6453182;7.22
2025-08-24T11:57:44.202Z;46.4937267;9.6450714;10.85
2025-08-24T11:57:49.204Z;46.4932344;9.6447243;11.77
2025-08-24T11:57:54.202Z;46.4927208;9.6445347;12.46
2025-08-24T11:57:59.205Z;46.4922305;9.644491;10.05
2025-08-24T11:58:00.203Z;46.4921245;9.6444888;9.05
2025-08-24T11:58:04.203Z;46.4919248;9.6444918;4.02
2025-08-24T11:58:09.203Z;46.4916475;9.6445891;7.69
2025-08-24T11:58:14.202Z;46.4913077;9.6443589;9.86
2025-08-24T11:58:19.203Z;46.4911337;9.6437082;11.46
2025-08-24T11:58:24.203Z;46.4908778;9.6430325;11.27
2025-08-24T11:58:29.203Z;46.4904053;9.6428153;11.66
2025-08-24T11:58:34.202Z;46.4898935;9.6428452;10.21
2025-08-24T11:58:39.202Z;46.4896455;9.642391;9.44
2025-08-24T11:58:44.203Z;46.4893826;9.6418351;10.58
2025-08-24T11:58:49.202Z;46.4889203;9.6417156;11.8
2025-08-24T11:58:54.202Z;46.4883246;9.6418813;13.8
2025-08-24T11:58:59.204Z;46.4876681;9.6417122;16.27
2025-08-24T11:59:04.202Z;46.486931;9.6414875;16.8
2025-08-24T11:59:09.202Z;46.4861863;9.6415251;15.94
2025-08-24T11:59:14.203Z;46.4855288;9.641276;15.74
2025-08-24T11:59:19.202Z;46.4848294;9.6410729;14.94
2025-08-24T11:59:24.203Z;46.4842496;9.6412108;13.3
2025-08-24T11:59:29.203Z;46.4836746;9.6414492;14.05
2025-08-24T11:59:34.202Z;46.4830265;9.6414272;15.66
2025-08-24T11:59:39.203Z;46.4823193;9.6416976;16.58
2025-08-24T11:59:44.203Z;46.4815476;9.6416628;17.83
2025-08-24T11:59:49.204Z;46.4807159;9.6415987;18.8
2025-08-24T11:59:54.203Z;46.4799194;9.6418188;18.38
2025-08-24T11:59:59.203Z;46.4792497;9.6424855;18.05
2025-08-24T12:00:04.203Z;46.4788278;9.6434544;18.33
2025-08-24T12:00:09.203Z;46.4785947;9.6445879;18.1
2025-08-24T12:00:14.203Z;46.4780857;9.6454311;17.27
2025-08-24T12:00:19.203Z;46.4773586;9.6456995;17.41
2025-08-24T12:00:24.202Z;46.4765707;9.6459993;18.52
2025-08-24T12:00:29.203Z;46.4757504;9.646442;19.83
2025-08-24T12:00:34.203Z;46.4749346;9.6468676;19.44
2025-08-24T12:00:39.203Z;46.4741588;9.6472417;17.19
2025-08-24T12:00:44.204Z;46.4736038;9.6478541;14.66
2025-08-24T12:00:49.203Z;46.4733848;9.6487306;14.52
2025-08-24T12:00:54.203Z;46.4730485;9.6494881;13.83
2025-08-24T12:00:59.203Z;46.4724541;9.6495564;13.38
2025-08-24T12:01:04.202Z;46.4718277;9.6496021;14.21
2025-08-24T12:01:09.202Z;46.4712194;9.6496963;13.1
2025-08-24T12:01:14.202Z;46.4707181;9.649772;9.55
2025-08-24T12:01:19.203Z;46.4703326;9.6498295;7.13
2025-08-24T12:01:24.202Z;46.4701397;9.6499483;3.75
2025-08-24T12:01:29.203Z;46.4700745;9.6498252;1.6
2025-08-24T12:01:34.203Z;46.4701799;9.6497027;1.91
2025-08-24T12:01:39.203Z;46.4702017;9.6496934;0.6
2025-08-24T12:01:44.203Z;46.4701645;9.6497593;1.35
2025-08-24T12:01:49.203Z;46.4701217;9.6497638;0.44
2025-08-24T12:01:54.203Z;46.4701144;9.6497638;0.0
2025-08-24T12:01:59.213Z;46.4701144;9.6497638;0.0
2025-08-24T12:02:04.203Z;46.4701147;9.6497638;0.0
2025-08-24T12:02:09.203Z;46.4701147;9.6497638;0.0
2025-08-24T12:02:14.203Z;46.4701147;9.6497638;0.0
2025-08-24T12:02:19.203Z;46.4701147;9.6497638;0.0
2025-08-24T12:02:24.203Z;46.4701147;9.6497638;0.0
2025-08-24T12:02:29.202Z;46.4701147;9.6497638;0.0
2025-08-24T12:02:34.205Z;46.4701147;9.6497638;0.0
2025-08-24T12:02:39.203Z;46.4701147;9.6497638;0.0
2025-08-24T12:02:44.202Z;46.4701147;9.6497638;0.0
2025-08-24T12:02:49.204Z;46.4701147;9.6497638;0.0
2025-08-24T12:02:54.202Z;46.4701147;9.6497638;0.0
2025-08-24T12:02:59.203Z;46.4701147;9.6497638;0.0
2025-08-24T12:03:04.203Z;46.4701147;9.6497638;0.0
2025-08-24T12:03:09.204Z;46.4701147;9.6497638;0.0
2025-08-24T12:03:14.204Z;46.4701147;9.6497638;0.0
2025-08-24T12:03:19.203Z;46.4701147;9.6497638;0.0
2025-08-24T12:03:24.202Z;46.4701147;9.6497638;0.0
2025-08-24T12:03:29.203Z;46.4701147;9.6497638;0.0
2025-08-24T12:03:34.203Z;46.4701147;9.6497638;0.0
2025-08-24T12:03:39.204Z;46.4701147;9.6497638;0.0
2025-08-24T12:03:44.202Z;46.4701147;9.6497638;0.0
2025-08-24T12:03:49.203Z;46.4701147;9.6497638;0.0
2025-08-24T12:03:54.203Z;46.4701147;9.6497638;0.0
2025-08-24T12:03:59.203Z;46.4701147;9.6497638;0.0
2025-08-24T12:04:04.203Z;46.4701147;9.6497638;0.0
2025-08-24T12:04:09.203Z;46.4701147;9.6497638;0.0
2025-08-24T12:04:14.202Z;46.4701147;9.6497638;0.0
2025-08-24T12:04:19.203Z;46.4701147;9.6497638;0.0
2025-08-24T12:04:24.203Z;46.4701147;9.6497638;0.0
2025-08-24T12:04:29.203Z;46.4701147;9.6497638;0.0
2025-08-24T12:04:34.203Z;46.4701147;9.6497638;0.0
2025-08-24T12:04:39.204Z;46.4701147;9.6497638;0.0
2025-08-24T12:04:44.203Z;46.4701147;9.6497638;0.0
2025-08-24T12:04:49.203Z;46.4701147;9.6497638;0.0
2025-08-24T12:04:54.204Z;46.4701147;9.6497638;0.0
2025-08-24T12:04:59.204Z;46.4701147;9.6497638;0.0
2025-08-24T12:05:04.203Z;46.4701147;9.6497638;0.0
2025-08-24T12:05:08.204Z;46.4701147;9.6497638;0.0
2025-08-24T12:05:09.203Z;46.4701147;9.6497638;0.0
2025-08-24T12:05:14.204Z;46.4701147;9.6497638;0.0
2025-08-24T12:05:19.203Z;46.4701147;9.6497638;0.0
2025-08-24T12:05:24.202Z;46.4701147;9.6497638;0.0
2025-08-24T12:05:29.202Z;46.4701147;9.6497638;0.0
2025-08-24T12:05:34.203Z;46.4701147;9.6497638;0.0
2025-08-24T12:05:39.204Z;46.4701147;9.6497638;0.0
2025-08-24T12:05:44.203Z;46.4701147;9.6497638;0.0
2025-08-24T12:05:49.204Z;46.4701147;9.6497638;0.0
2025-08-24T12:05:54.203Z;46.4701147;9.6497638;0.0
2025-08-24T12:05:59.203Z;46.4701147;9.6497638;0.0
2025-08-24T12:06:04.203Z;46.4701147;9.6497638;0.0
2025-08-24T12:06:09.204Z;46.4701147;9.6497638;0.0
2025-08-24T12:06:14.204Z;46.4701147;9.6497638;0.0
2025-08-24T12:06:19.204Z;46.4701147;9.6497638;0.0
2025-08-24T12:06:24.204Z;46.4701147;9.6497638;0.0
2025-08-24T12:06:29.203Z;46.4701147;9.6497638;0.0
2025-08-24T12:06:34.205Z;46.4701147;9.6497638;0.0
2025-08-24T12:06:35.204Z;46.4701147;9.6497638;0.0
2025-08-24T12:06:39.204Z;46.4701147;9.6497638;0.0
2025-08-24T12:06:44.204Z;46.4701147;9.6497638;0.0
2025-08-24T12:06:49.204Z;46.4701147;9.6497638;0.0
2025-08-24T12:06:54.204Z;46.4701147;9.6497638;0.0
2025-08-24T12:06:59.203Z;46.4701147;9.6497638;0.0
2025-08-24T12:07:04.204Z;46.4701147;9.6497638;0.0
2025-08-24T12:07:09.204Z;46.4701147;9.6497638;0.0
2025-08-24T12:07:14.204Z;46.4701147;9.6497638;0.0
2025-08-24T12:07:19.204Z;46.4701147;9.6497638;0.0
2025-08-24T12:07:24.204Z;46.4701147;9.6497638;0.0
2025-08-24T12:07:29.205Z;46.4701147;9.6497638;0.0
2025-08-24T12:07:34.203Z;46.4701147;9.6497638;0.0
2025-08-24T12:07:39.204Z;46.4701147;9.6497638;0.0
2025-08-24T12:07:44.203Z;46.4701147;9.6497638;0.0
2025-08-24T12:07:49.203Z;46.4701147;9.6497638;0.0
2025-08-24T12:07:54.204Z;46.4701147;9.6497638;0.0
2025-08-24T12:07:59.204Z;46.4701147;9.6497638;0.0
2025-08-24T12:08:04.203Z;46.4701147;9.6497638;0.0
2025-08-24T12:08:09.204Z;46.4701147;9.6497638;0.0
2025-08-24T12:08:14.205Z;46.4701147;9.6497638;0.0
2025-08-24T12:08:19.204Z;46.4701147;9.6497638;0.0
2025-08-24T12:08:24.204Z;46.4701147;9.6497638;0.0
2025-08-24T12:08:29.204Z;46.4701147;9.6497638;0.0
2025-08-24T12:08:34.204Z;46.4701147;9.6497638;0.0
2025-08-24T12:08:39.204Z;46.4701147;9.6497638;0.0
2025-08-24T12:08:44.205Z;46.4701147;9.6497638;0.0
2025-08-24T12:08:49.204Z;46.4701147;9.6497638;0.0
2025-08-24T12:08:54.204Z;46.4701147;9.6497638;0.0
2025-08-24T12:08:59.204Z;46.4701147;9.6497638;0.0
2025-08-24T12:09:04.204Z;46.4701147;9.6497638;0.0
2025-08-24T12:09:09.204Z;46.4701147;9.6497638;0.0
2025-08-24T12:09:14.205Z;46.4701147;9.6497638;0.0
2025-08-24T12:09:19.204Z;46.4701147;9.6497638;0.0
2025-08-24T12:09:24.204Z;46.4701147;9.6497638;0.0
2025-08-24T12:09:29.205Z;46.4701147;9.6497638;0.0
2025-08-24T12:09:34.203Z;46.4701147;9.6497638;0.0
2025-08-24T12:09:39.204Z;46.4701147;9.6497638;0.0
2025-08-24T12:09:44.203Z;46.4701147;9.6497638;0.0
2025-08-24T12:09:49.204Z;46.4701147;9.6497638;0.0
2025-08-24T12:09:54.204Z;46.4701147;9.6497638;0.0
2025-08-24T12:09:59.204Z;46.4701147;9.6497638;0.0
2025-08-24T12:10:04.203Z;46.4701147;9.6497638;0.0
2025-08-24T12:10:09.205Z;46.4701147;9.6497638;0.0
2025-08-24T12:10:14.204Z;46.4701147;9.6497638;0.0
2025-08-24T12:10:19.204Z;46.4701147;9.6497638;0.0
2025-08-24T12:10:24.205Z;46.4701147;9.6497638;0.0
2025-08-24T12:10:29.205Z;46.4701147;9.6497638;0.0
2025-08-24T12:10:34.203Z;46.4701147;9.6497638;0.0
2025-08-24T12:10:39.204Z;46.4701147;9.6497638;0.0
2025-08-24T12:10:44.204Z;46.4701147;9.6497638;0.0
2025-08-24T12:10:49.203Z;46.4701147;9.6497638;0.0
2025-08-24T12:10:54.204Z;46.4701147;9.6497638;0.0
2025-08-24T12:10:59.204Z;46.4701147;9.6497638;0.0
2025-08-24T12:11:00.203Z;46.4701147;9.6497638;0.0
2025-08-24T12:11:04.203Z;46.4701147;9.6497638;0.0
2025-08-24T12:11:09.204Z;46.4701147;9.6497638;0.0
2025-08-24T12:11:14.204Z;46.4701147;9.6497638;0.0
2025-08-24T12:11:19.204Z;46.4701147;9.6497638;0.0
2025-08-24T12:11:24.204Z;46.4701147;9.6497638;0.0
2025-08-24T12:11:29.203Z;46.4701147;9.6497638;0.0
2025-08-24T12:11:34.204Z;46.4701147;9.6497638;0.0
2025-08-24T12:11:39.204Z;46.4701147;9.6497638;0.0
2025-08-24T12:11:44.204Z;46.4701147;9.6497638;0.0
2025-08-24T12:11:49.204Z;46.4701147;9.6497638;0.0
2025-08-24T12:11:54.204Z;46.4701147;9.6497638;0.0
2025-08-24T12:11:59.204Z;46.4701147;9.6497638;0.0
2025-08-24T12:12:04.204Z;46.4701147;9.6497638;0.0
2025-08-24T12:12:09.204Z;46.4701147;9.6497638;0.0
2025-08-24T12:12:14.204Z;46.4701147;9.6497638;0.0
2025-08-24T12:12:19.203Z;46.4701147;9.6497638;0.0
2025-08-24T12:12:24.204Z;46.4701147;9.6497638;0.0
2025-08-24T12:12:29.204Z;46.4701147;9.6497638;0.0
2025-08-24T12:12:34.204Z;46.4701147;9.6497638;0.0
2025-08-24T12:12:39.204Z;46.4701147;9.6497638;0.0
2025-08-24T12:12:44.203Z;46.4701147;9.6497638;0.0
2025-08-24T12:12:49.204Z;46.4701147;9.6497638;0.0
2025-08-24T12:12:54.204Z;46.4701147;9.6497638;0.0
2025-08-24T12:12:59.203Z;46.4701147;9.6497638;0.0
2025-08-24T12:13:04.204Z;46.4701147;9.6497638;0.0
2025-08-24T12:13:09.205Z;46.4701147;9.6497638;0.0
2025-08-24T12:13:14.204Z;46.4701147;9.6497638;0.0
2025-08-24T12:13:19.204Z;46.4701147;9.6497638;0.0
2025-08-24T12:13:24.205Z;46.4701147;9.6497638;0.0
2025-08-24T12:13:29.205Z;46.4701147;9.6497638;0.0
2025-08-24T12:13:34.204Z;46.4701147;9.6497638;0.0
2025-08-24T12:13:39.204Z;46.4701147;9.6497638;0.0
2025-08-24T12:13:44.205Z;46.4701147;9.6497638;0.0
2025-08-24T12:13:49.204Z;46.4701147;9.6497638;0.0
2025-08-24T12:13:54.204Z;46.4701147;9.6497638;0.0
2025-08-24T12:13:59.205Z;46.4701147;9.6497638;0.0
2025-08-24T12:14:04.203Z;46.4701147;9.6497638;0.0
2025-08-24T12:14:09.204Z;46.4701147;9.6497638;0.0
2025-08-24T12:14:14.204Z;46.4701147;9.6497638;0.0
2025-08-24T12:14:19.204Z;46.4701147;9.6497638;0.0
2025-08-24T12:14:24.204Z;46.4701147;9.6497638;0.0
2025-08-24T12:14:29.204Z;46.4701147;9.6497638;0.0
2025-08-24T12:14:34.204Z;46.4701147;9.6497638;0.0
2025-08-24T12:14:39.204Z;46.4701147;9.6497638;0.0
2025-08-24T12:14:44.204Z;46.4701147;9.6497638;0.0
2025-08-24T12:14:49.203Z;46.4701147;9.6497638;0.0
2025-08-24T12:14:54.204Z;46.4701147;9.6497638;0.0
2025-08-24T12:14:59.204Z;46.4701147;9.6497638;0.0
2025-08-24T12:15:04.204Z;46.4701147;9.6497638;0.0
2025-08-24T12:15:09.203Z;46.4701147;9.6497638;0.0
2025-08-24T12:15:14.204Z;46.4701147;9.6497638;0.0
2025-08-24T12:15:19.204Z;46.4701147;9.6497638;0.0
2025-08-24T12:15:24.204Z;46.4701147;9.6497638;0.0
2025-08-24T12:15:29.204Z;46.4701147;9.6497638;0.0
2025-08-24T12:15:34.204Z;46.4701147;9.6497638;0.0
2025-08-24T12:15:39.204Z;46.4701147;9.6497638;0.0
2025-08-24T12:15:44.204Z;46.4701147;9.6497638;0.0
2025-08-24T12:15:49.205Z;46.4701147;9.6497638;0.0
2025-08-24T12:15:50.204Z;46.4701147;9.6497638;0.0
2025-08-24T12:15:54.204Z;46.4701147;9.6497638;0.0
2025-08-24T12:15:59.204Z;46.4701147;9.6497638;0.0
2025-08-24T12:16:04.204Z;46.4701147;9.6497638;0.0
2025-08-24T12:16:09.204Z;46.4701147;9.6497638;0.0
2025-08-24T12:16:14.204Z;46.4701147;9.6497638;0.0
2025-08-24T12:16:19.204Z;46.4701147;9.6497638;0.0
2025-08-24T12:16:24.204Z;46.4701147;9.6497638;0.0
2025-08-24T12:16:29.204Z;46.4701147;9.6497638;0.0
2025-08-24T12:16:34.204Z;46.4701147;9.6497638;0.0
2025-08-24T12:16:39.204Z;46.4701147;9.6497638;0.0
2025-08-24T12:16:44.204Z;46.4701147;9.6497638;0.0
2025-08-24T12:16:49.204Z;46.4701147;9.6497638;0.0
2025-08-24T12:16:54.204Z;46.4701147;9.6497638;0.0
2025-08-24T12:16:59.204Z;46.4701147;9.6497638;0.0
2025-08-24T12:17:01.204Z;46.4701147;9.6497638;0.0
2025-08-24T12:17:04.204Z;46.4701147;9.6497638;0.0
2025-08-24T12:17:09.204Z;46.4701147;9.6497638;0.0
2025-08-24T12:17:12.204Z;46.4701147;9.6497638;0.0
2025-08-24T12:17:14.204Z;46.4701147;9.6497638;0.0
2025-08-24T12:17:19.204Z;46.4701147;9.6497638;0.0
2025-08-24T12:17:24.204Z;46.4701147;9.6497638;0.0
2025-08-24T12:17:29.204Z;46.4701147;9.6497638;0.0
2025-08-24T12:17:34.205Z;46.4701147;9.6497638;0.0
2025-08-24T12:17:39.204Z;46.4701147;9.6497638;0.0
2025-08-24T12:17:44.204Z;46.4701147;9.6497638;0.0
2025-08-24T12:17:49.204Z;46.4701147;9.6497638;0.0
2025-08-24T12:17:54.203Z;46.4701147;9.6497638;0.0
2025-08-24T12:17:56.202Z;46.4701147;9.6497638;0.0
2025-08-24T12:17:59.202Z;46.4701147;9.6497638;0.0
2025-08-24T12:18:04.203Z;46.4701147;9.6497638;0.0
2025-08-24T12:18:09.203Z;46.4701147;9.6497638;0.0
2025-08-24T12:18:14.202Z;46.4701147;9.6497638;0.0
2025-08-24T12:18:19.203Z;46.4701147;9.6497638;0.0
2025-08-24T12:18:24.204Z;46.4701147;9.6497638;0.0
2025-08-24T12:18:28.204Z;46.4701147;9.6497638;0.0
2025-08-24T12:18:29.202Z;46.4701147;9.6497638;0.0
2025-08-24T12:18:34.203Z;46.4701147;9.6497638;0.0
2025-08-24T12:18:39.204Z;46.4701147;9.6497638;0.0
2025-08-24T12:18:44.203Z;46.4701147;9.6497638;0.0
2025-08-24T12:18:49.202Z;46.4701147;9.6497638;0.0
2025-08-24T12:18:54.203Z;46.4701147;9.6497638;0.0
2025-08-24T12:18:59.204Z;46.4701147;9.6497638;0.0
2025-08-24T12:19:04.203Z;46.4701147;9.6497638;0.0
2025-08-24T12:19:09.205Z;46.4701147;9.6497638;0.0
2025-08-24T12:19:14.206Z;46.4701147;9.6497638;0.0
2025-08-24T12:19:19.203Z;46.4701147;9.6497638;0.0
2025-08-24T12:19:24.203Z;46.4701147;9.6497638;0.0
2025-08-24T12:19:29.203Z;46.4701147;9.6497638;0.0
2025-08-24T12:19:34.203Z;46.4701147;9.6497638;0.0
2025-08-24T12:19:39.203Z;46.4701147;9.6497638;0.0
2025-08-24T12:19:44.203Z;46.4701147;9.6497638;0.0
2025-08-24T12:19:49.203Z;46.4701147;9.6497638;0.0
2025-08-24T12:19:54.204Z;46.4701147;9.6497638;0.0
2025-08-24T12:19:59.203Z;46.4701147;9.6497638;0.0
2025-08-24T12:20:04.203Z;46.4701147;9.6497638;0.0
2025-08-24T12:20:09.203Z;46.4701147;9.6497638;0.0
2025-08-24T12:20:14.203Z;46.4701147;9.6497638;0.0
2025-08-24T12:20:17.203Z;46.4701147;9.6497638;0.0
2025-08-24T12:20:19.203Z;46.4701147;9.6497638;0.0
2025-08-24T12:20:24.205Z;46.4701147;9.6497638;0.0
2025-08-24T12:20:29.203Z;46.4701147;9.6497638;0.0
2025-08-24T12:20:34.203Z;46.4701147;9.6497638;0.0
2025-08-24T12:20:39.205Z;46.4701147;9.6497638;0.0
2025-08-24T12:20:44.204Z;46.4701147;9.6497638;0.0
2025-08-24T12:20:49.203Z;46.4701147;9.6497638;0.0
2025-08-24T12:20:54.203Z;46.4701147;9.6497638;0.0
2025-08-24T12:20:59.204Z;46.4701147;9.6497638;0.0
2025-08-24T12:21:04.205Z;46.4701147;9.6497638;0.0
2025-08-24T12:21:09.205Z;46.4701147;9.6497638;0.0
2025-08-24T12:21:14.203Z;46.4701147;9.6497638;0.0
2025-08-24T12:21:19.203Z;46.4701147;9.6497638;0.0
2025-08-24T12:21:24.205Z;46.4701147;9.6497638;0.0
2025-08-24T12:21:29.204Z;46.4701147;9.6497638;0.0
2025-08-24T12:21:34.204Z;46.4701147;9.6497638;0.0
2025-08-24T12:21:39.204Z;46.4701147;9.6497638;0.0
2025-08-24T12:21:44.204Z;46.4701147;9.6497638;0.0
2025-08-24T12:21:49.203Z;46.4701147;9.6497638;0.0
2025-08-24T12:21:54.203Z;46.4701147;9.6497638;0.0
2025-08-24T12:21:59.203Z;46.4701147;9.6497638;0.0
2025-08-24T12:22:04.203Z;46.4701147;9.6497638;0.0
2025-08-24T12:22:09.203Z;46.4701147;9.6497638;0.0
time;latitude;longitude;velocity
2025-08-24T11:03:25.203Z;46.6971551;9.4409793;6.63
2025-08-24T11:03:49.204Z;46.6953954;9.4415535;8.52
2025-08-24T11:03:59.203Z;46.694934;9.4416794;1.52
2025-08-24T11:04:04.204Z;46.6949244;9.4417036;0.0
2025-08-24T11:04:09.203Z;46.6949424;9.4418317;3.71
2025-08-24T11:04:29.202Z;46.6968497;9.4421848;12.58
2025-08-24T11:04:44.202Z;46.6974503;9.4442745;15.63
2025-08-24T11:04:53.203Z;46.6969258;9.4460535;16.8
2025-08-24T11:05:24.202Z;46.6954564;9.4531077;19.49
2025-08-24T11:05:29.203Z;46.6955793;9.4543844;20.0
2025-08-24T11:05:34.202Z;46.6958607;9.4556484;20.24
2025-08-24T11:05:36.202Z;46.6960064;9.4561033;20.13
2025-08-24T11:05:39.203Z;46.6962797;9.4568067;20.02
2025-08-24T11:05:44.203Z;46.6968397;9.4578482;20.33
2025-08-24T11:05:49.202Z;46.6974865;9.4587665;20.46
2025-08-24T11:05:54.202Z;46.6981586;9.4596724;19.8
2025-08-24T11:05:59.202Z;46.6987524;9.4605967;19.86
2025-08-24T11:06:04.202Z;46.6992472;9.4616907;20.13
2025-08-24T11:06:09.202Z;46.6995889;9.4629222;20.44
2025-08-24T11:06:14.202Z;46.6997589;9.4642627;20.71
2025-08-24T11:06:19.203Z;46.699742;9.4655656;19.91
2025-08-24T11:06:24.203Z;46.6995497;9.4668308;19.58
2025-08-24T11:06:29.203Z;46.6992014;9.4680026;19.19
2025-08-24T11:06:34.204Z;46.6989011;9.468875;19.6
2025-08-24T11:06:39.202Z;46.6985082;9.469921;18.44
2025-08-24T11:06:44.203Z;46.6980883;9.4708887;16.77
2025-08-24T11:06:49.203Z;46.6974723;9.4714376;16.3
2025-08-24T11:06:54.202Z;46.6968257;9.4717785;14.63
2025-08-24T11:06:59.203Z;46.6965587;9.4725524;14.02
2025-08-24T11:07:04.203Z;46.6963954;9.4735218;15.77
2025-08-24T11:07:09.204Z;46.6963702;9.4744889;14.83
2025-08-24T11:07:14.203Z;46.6965071;9.4754654;16.3
2025-08-24T11:07:19.203Z;46.6964564;9.4765376;16.05
2025-08-24T11:07:24.202Z;46.696343;9.4775093;14.44
2025-08-24T11:07:29.203Z;46.6960319;9.4782913;13.8
2025-08-24T11:07:34.202Z;46.6957251;9.4788972;9.19
2025-08-24T11:07:39.203Z;46.6955247;9.4792952;6.21
2025-08-24T11:07:44.203Z;46.6953179;9.4795589;6.71
2025-08-24T11:07:49.203Z;46.6950222;9.4796783;7.46
2025-08-24T11:07:54.203Z;46.694566;9.479692;11.77
2025-08-24T11:07:59.204Z;46.6940918;9.4799857;11.96
2025-08-24T11:08:04.203Z;46.6939162;9.4807414;12.77
2025-08-24T11:08:09.202Z;46.6935082;9.4813521;12.99
2025-08-24T11:08:14.203Z;46.6933202;9.4820918;12.71
2025-08-24T11:08:19.203Z;46.6933522;9.4829519;13.99
2025-08-24T11:08:24.203Z;46.693037;9.4838199;16.08
2025-08-24T11:08:29.203Z;46.6927086;9.4847931;17.22
2025-08-24T11:08:34.203Z;46.6927545;9.4858842;16.94
2025-08-24T11:08:39.203Z;46.6929495;9.4868859;15.63
2025-08-24T11:08:44.203Z;46.6928408;9.4879527;17.22
2025-08-24T11:08:49.203Z;46.692708;9.4890656;17.16
2025-08-24T11:08:54.203Z;46.6926326;9.4901854;17.41
2025-08-24T11:08:59.203Z;46.6927928;9.4913127;17.44
2025-08-24T11:09:04.203Z;46.692911;9.4923598;15.69
2025-08-24T11:09:08.204Z;46.692742;9.4930364;13.88
2025-08-24T11:09:09.204Z;46.6926476;9.493176;14.1
2025-08-24T11:09:14.203Z;46.6920481;9.4937875;17.08
2025-08-24T11:09:19.204Z;46.6914334;9.4944431;17.27
2025-08-24T11:09:24.203Z;46.6911317;9.4954244;16.58
2025-08-24T11:09:29.203Z;46.6911015;9.4965439;16.88
2025-08-24T11:09:34.203Z;46.6907769;9.4974886;16.58
2025-08-24T11:09:39.203Z;46.6901897;9.4980933;16.13
2025-08-24T11:09:44.204Z;46.6894756;9.4984911;18.05
2025-08-24T11:09:49.203Z;46.6887971;9.499234;20.38
2025-08-24T11:09:54.202Z;46.6880907;9.5000311;20.35
2025-08-24T11:09:57.202Z;46.6877118;9.5005723;20.0
2025-08-24T11:09:59.203Z;46.6874964;9.5009987;19.63
2025-08-24T11:10:04.202Z;46.6871941;9.5021803;19.33
2025-08-24T11:10:09.203Z;46.6871793;9.5034233;18.66
2025-08-24T11:10:14.203Z;46.6871495;9.5046036;17.74
2025-08-24T11:10:19.202Z;46.6867831;9.5056532;17.77
2025-08-24T11:10:24.203Z;46.6861883;9.5063855;16.94
2025-08-24T11:10:29.203Z;46.6858576;9.5073291;15.83
2025-08-24T11:10:34.202Z;46.6860363;9.5083574;16.13
2025-08-24T11:10:39.203Z;46.686251;9.5093383;16.19
2025-08-24T11:10:44.203Z;46.6860381;9.5103407;16.58
2025-08-24T11:10:46.203Z;46.6858488;9.5106588;16.99
2025-08-24T11:10:49.202Z;46.685526;9.511161;18.16
2025-08-24T11:10:54.202Z;46.6849324;9.512056;19.46
2025-08-24T11:10:59.202Z;46.6844679;9.513197;21.05
2025-08-24T11:11:04.202Z;46.6840706;9.5144776;22.38
2025-08-24T11:11:09.202Z;46.6836644;9.5158125;22.36
2025-08-24T11:11:14.201Z;46.6832543;9.5171506;22.24
2025-08-24T11:11:19.202Z;46.6828501;9.5184764;22.08
2025-08-24T11:11:24.202Z;46.6824478;9.5197923;21.77
2025-08-24T11:11:29.202Z;46.6820577;9.5210765;21.44
2025-08-24T11:11:34.202Z;46.6816699;9.5223514;20.99
2025-08-24T11:11:39.203Z;46.6813374;9.5235424;18.75
2025-08-24T11:11:44.202Z;46.6812975;9.5246829;17.13
2025-08-24T11:11:49.203Z;46.6812891;9.5257723;16.88
2025-08-24T11:11:54.203Z;46.6808414;9.5268015;17.85
2025-08-24T11:11:59.202Z;46.6801967;9.5275183;18.47
2025-08-24T11:12:04.203Z;46.679531;9.5282332;17.77
2025-08-24T11:12:09.203Z;46.6791858;9.5291793;16.41
2025-08-24T11:12:14.202Z;46.6793605;9.5301955;16.02
2025-08-24T11:12:19.203Z;46.6796669;9.531149;17.08
2025-08-24T11:12:24.203Z;46.6798194;9.5323021;18.66
2025-08-24T11:12:29.202Z;46.679615;9.5334988;18.91
2025-08-24T11:12:34.203Z;46.6794084;9.5346471;18.58
2025-08-24T11:12:39.204Z;46.6792793;9.5358527;19.08
2025-08-24T11:12:44.203Z;46.6791609;9.5371012;19.35
2025-08-24T11:12:49.203Z;46.6790349;9.5383659;20.19
2025-08-24T11:12:54.203Z;46.6789104;9.5396476;20.02
2025-08-24T11:12:55.203Z;46.6788842;9.5399083;19.91
2025-08-24T11:12:59.203Z;46.6787742;9.5409173;19.13
2025-08-24T11:13:02.203Z;46.6786009;9.5415872;18.38
2025-08-24T11:13:04.203Z;46.6784174;9.541987;18.66
2025-08-24T11:13:05.203Z;46.6783045;9.5421683;18.91
2025-08-24T11:13:09.203Z;46.6777468;9.5427737;19.35
2025-08-24T11:13:14.203Z;46.6769734;9.5434127;20.13
2025-08-24T11:13:19.202Z;46.6762995;9.5442623;20.85
2025-08-24T11:13:24.203Z;46.6757027;9.545368;21.46
2025-08-24T11:13:29.202Z;46.6751332;9.5464698;21.05
2025-08-24T11:13:34.202Z;46.6745724;9.5475511;20.35
2025-08-24T11:13:39.203Z;46.6740276;9.5486037;19.63
2025-08-24T11:13:44.202Z;46.6735259;9.5496362;19.1
2025-08-24T11:13:49.203Z;46.6731647;9.5507887;19.19
2025-08-24T11:13:54.203Z;46.6729992;9.5520272;19.19
2025-08-24T11:13:59.203Z;46.6730364;9.5532591;18.94
2025-08-24T11:14:04.204Z;46.6732895;9.5544762;20.02
2025-08-24T11:14:09.204Z;46.6736088;9.5557091;21.16
2025-08-24T11:14:14.202Z;46.673841;9.5570537;21.3
2025-08-24T11:14:19.204Z;46.6738554;9.5584179;20.58
2025-08-24T11:14:24.203Z;46.6736444;9.5597073;20.21
2025-08-24T11:14:29.202Z;46.6732269;9.560857;19.83
2025-08-24T11:14:34.203Z;46.6726968;9.5618592;19.27
2025-08-24T11:14:39.203Z;46.6721412;9.562819;19.49
2025-08-24T11:14:44.203Z;46.6715335;9.563732;18.61
2025-08-24T11:14:49.203Z;46.6708973;9.5644297;17.77
2025-08-24T11:14:54.203Z;46.6702032;9.5649654;16.16
2025-08-24T11:14:59.203Z;46.6695949;9.5654279;14.49
2025-08-24T11:15:04.203Z;46.6691519;9.5660739;14.44
2025-08-24T11:15:09.203Z;46.6688285;9.5669642;15.58
2025-08-24T11:15:14.203Z;46.6683655;9.5677803;16.52
2025-08-24T11:15:19.203Z;46.6679379;9.5686225;15.55
2025-08-24T11:15:20.203Z;46.6678722;9.568794;15.27
2025-08-24T11:15:24.203Z;46.6675542;9.5693974;14.13
2025-08-24T11:15:27.203Z;46.6672836;9.5697746;13.27
2025-08-24T11:15:29.202Z;46.6671386;9.5700717;12.77
2025-08-24T11:15:34.203Z;46.6667378;9.5705846;12.33
2025-08-24T11:15:39.203Z;46.6661861;9.57082;12.99
2025-08-24T11:15:44.203Z;46.6656636;9.5710806;11.6
2025-08-24T11:15:49.203Z;46.6652034;9.5712791;10.3
2025-08-24T11:15:54.203Z;46.6647361;9.5712575;9.3
2025-08-24T11:15:59.202Z;46.6643708;9.5712548;7.88
2025-08-24T11:16:04.203Z;46.6641609;9.5715851;6.16
2025-08-24T11:16:09.203Z;46.6640546;9.5718075;1.91
2025-08-24T11:16:14.202Z;46.6640423;9.5718384;0.0
2025-08-24T11:16:19.203Z;46.6640709;9.5719591;2.58
2025-08-24T11:16:24.203Z;46.6641413;9.5721047;2.66
2025-08-24T11:16:29.202Z;46.6642483;9.5719958;1.94
2025-08-24T11:16:34.203Z;46.6641918;9.5718709;1.8
2025-08-24T11:16:39.202Z;46.6641542;9.5718364;0.0
2025-08-24T11:16:44.203Z;46.6641542;9.5718364;0.0
2025-08-24T11:16:49.202Z;46.6641542;9.5718364;0.0
2025-08-24T11:16:54.203Z;46.6641542;9.5718364;0.0
2025-08-24T11:16:59.202Z;46.6641542;9.5718364;0.0
2025-08-24T11:17:04.203Z;46.6641542;9.5718364;0.0
2025-08-24T11:17:09.203Z;46.6641542;9.5718364;0.0
2025-08-24T11:17:14.203Z;46.6641542;9.5718364;0.0
2025-08-24T11:17:19.203Z;46.6641542;9.5718364;0.0
2025-08-24T11:17:24.203Z;46.6641542;9.5718364;0.0
2025-08-24T11:17:29.202Z;46.6641542;9.5718364;0.0
2025-08-24T11:17:34.203Z;46.6641542;9.5718364;0.0
2025-08-24T11:17:39.203Z;46.6641542;9.5718364;0.0
2025-08-24T11:17:44.203Z;46.6641542;9.5718364;0.0
2025-08-24T11:17:49.202Z;46.6641542;9.5718364;0.0
2025-08-24T11:17:54.203Z;46.6641542;9.5718364;0.0
2025-08-24T11:17:59.202Z;46.6641542;9.5718364;0.0
2025-08-24T11:18:02.203Z;46.6641542;9.5718364;0.0
2025-08-24T11:18:04.203Z;46.6641542;9.5718364;0.0
2025-08-24T11:18:09.203Z;46.6641542;9.5718364;0.0
2025-08-24T11:18:14.203Z;46.6641542;9.5718364;0.0
2025-08-24T11:18:19.203Z;46.6641542;9.5718364;0.0
2025-08-24T11:18:24.203Z;46.6641542;9.5718364;0.0
2025-08-24T11:18:25.202Z;46.6641542;9.5718364;0.0
2025-08-24T11:18:29.202Z;46.6641542;9.5718364;0.0
2025-08-24T11:18:34.202Z;46.6641542;9.5718364;0.0
2025-08-24T11:18:39.202Z;46.6641542;9.5718364;0.0
2025-08-24T11:18:44.202Z;46.6641542;9.5718364;0.0
2025-08-24T11:18:49.202Z;46.6641542;9.5718364;0.0
2025-08-24T11:18:54.203Z;46.6641542;9.5718364;0.0
2025-08-24T11:18:59.203Z;46.6641542;9.5718364;0.0
2025-08-24T11:19:00.203Z;46.6641542;9.5718364;0.0
2025-08-24T11:19:04.202Z;46.6641542;9.5718364;0.0
2025-08-24T11:19:09.203Z;46.6641542;9.5718364;0.0
2025-08-24T11:19:14.203Z;46.6641542;9.5718364;0.0
2025-08-24T11:19:19.202Z;46.6641542;9.5718364;0.0
2025-08-24T11:19:24.203Z;46.6641542;9.5718364;0.0
2025-08-24T11:19:28.202Z;46.6641542;9.5718364;0.0
2025-08-24T11:19:29.202Z;46.6641542;9.5718364;0.0
2025-08-24T11:19:33.203Z;46.6641542;9.5718364;0.0
2025-08-24T11:19:34.202Z;46.6641542;9.5718364;0.0
2025-08-24T11:19:39.203Z;46.6641542;9.5718364;0.0
2025-08-24T11:19:44.203Z;46.6641542;9.5718364;0.0
2025-08-24T11:19:49.203Z;46.6641542;9.5718364;0.0
2025-08-24T11:19:54.203Z;46.6641542;9.5718364;0.0
2025-08-24T11:19:59.202Z;46.6641528;9.5718381;0.0
2025-08-24T11:20:04.203Z;46.6641528;9.5718381;0.0
2025-08-24T11:20:09.203Z;46.664139;9.5718153;0.97
2025-08-24T11:20:14.202Z;46.6641096;9.5718164;0.0
2025-08-24T11:20:19.202Z;46.6641091;9.5718165;0.0
2025-08-24T11:20:24.203Z;46.6641091;9.5718165;0.0
2025-08-24T11:20:29.202Z;46.6641091;9.5718165;0.0
2025-08-24T11:20:34.203Z;46.6641083;9.5718164;0.0
2025-08-24T11:20:39.203Z;46.6640884;9.5718034;0.83
2025-08-24T11:20:44.202Z;46.6640013;9.5718599;2.94
2025-08-24T11:20:49.202Z;46.6638633;9.572236;7.58
2025-08-24T11:20:54.203Z;46.663642;9.5727319;9.86
2025-08-24T11:20:59.203Z;46.6633768;9.5733439;11.13
2025-08-24T11:21:04.203Z;46.6630985;9.5740377;12.44
2025-08-24T11:21:09.203Z;46.6629283;9.5747935;11.91
2025-08-24T11:21:14.203Z;46.6627337;9.5754927;10.88
2025-08-24T11:21:19.204Z;46.662622;9.576102;9.66
2025-08-24T11:21:24.203Z;46.6626993;9.5767244;9.74
2025-08-24T11:21:29.203Z;46.662593;9.5773345;10.0
2025-08-24T11:21:34.202Z;46.662326;9.5779443;11.83
2025-08-24T11:21:39.203Z;46.6620423;9.5785421;10.91
2025-08-24T11:21:41.202Z;46.661942;9.5787733;9.3
2025-08-24T11:21:44.203Z;46.6618124;9.5790137;6.94
2025-08-24T11:21:49.203Z;46.6615672;9.5791475;5.33
2025-08-24T11:21:54.203Z;46.661396;9.5794866;7.63
2025-08-24T11:21:59.202Z;46.6611435;9.5800025;11.35
2025-08-24T11:22:04.203Z;46.6610404;9.5807904;12.8
2025-08-24T11:22:09.203Z;46.6609384;9.5816177;13.55
2025-08-24T11:22:13.203Z;46.6606439;9.5821836;13.94
2025-08-24T11:22:14.203Z;46.6605529;9.582279;14.02
2025-08-24T11:22:19.203Z;46.6600121;9.5827844;14.63
2025-08-24T11:22:24.203Z;46.659421;9.5831191;14.66
2025-08-24T11:22:29.203Z;46.6588499;9.582717;14.63
2025-08-24T11:22:34.203Z;46.6585441;9.5818431;16.11
2025-08-24T11:22:39.203Z;46.6582653;9.5808531;16.74
2025-08-24T11:22:44.203Z;46.6579969;9.5798299;16.94
2025-08-24T11:22:49.203Z;46.657752;9.5788182;16.6
2025-08-24T11:22:54.203Z;46.6574828;9.5778339;16.35
2025-08-24T11:22:59.203Z;46.6570639;9.5769639;16.58
2025-08-24T11:23:04.202Z;46.6565037;9.5762551;16.77
2025-08-24T11:23:09.202Z;46.6560265;9.575478;15.71
2025-08-24T11:23:14.203Z;46.655572;9.574822;13.94
2025-08-24T11:23:19.203Z;46.6549554;9.5746249;14.77
2025-08-24T11:23:24.203Z;46.654381;9.5748636;14.08
2025-08-24T11:23:29.202Z;46.6540996;9.575685;14.49
2025-08-24T11:23:34.203Z;46.6537876;9.5763694;11.63
2025-08-24T11:23:39.203Z;46.6532644;9.5764656;12.91
2025-08-24T11:23:44.204Z;46.6526403;9.5764985;14.49
2025-08-24T11:23:49.204Z;46.6520074;9.5768385;15.63
2025-08-24T11:23:54.203Z;46.6513301;9.5771493;16.21
2025-08-24T11:23:59.203Z;46.6507127;9.5769732;13.58
2025-08-24T11:24:04.203Z;46.6501685;9.5769386;11.94
2025-08-24T11:24:05.203Z;46.6500817;9.5770277;11.96
2025-08-24T11:24:09.203Z;46.6499169;9.5776009;13.05
2025-08-24T11:24:14.203Z;46.6496392;9.5784104;14.41
2025-08-24T11:24:19.203Z;46.6492268;9.5790638;13.69
2025-08-24T11:24:24.202Z;46.6489124;9.5797247;10.71
2025-08-24T11:24:29.202Z;46.6485077;9.5797474;9.27
2025-08-24T11:24:34.203Z;46.6482704;9.5801339;9.19
2025-08-24T11:24:35.203Z;46.6482793;9.580281;9.27
2025-08-24T11:24:39.203Z;46.6481576;9.5806792;8.96
2025-08-24T11:24:44.203Z;46.6477229;9.580838;10.97
2025-08-24T11:24:49.203Z;46.6472483;9.5812241;13.24
2025-08-24T11:24:54.203Z;46.6467951;9.5818905;14.88
2025-08-24T11:24:55.203Z;46.6467138;9.5820072;15.13
2025-08-24T11:24:59.202Z;46.6463064;9.5825816;15.69
2025-08-24T11:25:04.203Z;46.6458113;9.5832658;15.13
2025-08-24T11:25:09.203Z;46.6451822;9.5836208;14.91
2025-08-24T11:25:14.204Z;46.6446353;9.5839999;13.27
2025-08-24T11:25:19.203Z;46.644184;9.5845466;13.41
2025-08-24T11:25:24.203Z;46.6437164;9.5849661;11.77
2025-08-24T11:25:29.203Z;46.6431995;9.5847529;12.83
2025-08-24T11:25:34.203Z;46.6427269;9.5843525;11.49
2025-08-24T11:25:39.203Z;46.6423165;9.5844349;9.66
2025-08-24T11:25:44.203Z;46.642328;9.5850178;9.66
2025-08-24T11:25:49.203Z;46.6421522;9.5854865;8.96
2025-08-24T11:25:54.203Z;46.6416723;9.5855271;11.91
2025-08-24T11:25:59.203Z;46.6411337;9.5858075;13.77
2025-08-24T11:26:04.203Z;46.6404864;9.5856698;15.69
2025-08-24T11:26:09.202Z;46.6397763;9.5853339;17.52
2025-08-24T11:26:14.203Z;46.6389606;9.5851486;19.33
2025-08-24T11:26:19.202Z;46.6380842;9.5853197;20.35
2025-08-24T11:26:24.201Z;46.6371963;9.5856331;20.16
2025-08-24T11:26:29.202Z;46.6363244;9.5859456;19.94
2025-08-24T11:26:34.203Z;46.63544;9.5862332;20.83
2025-08-24T11:26:39.203Z;46.6344832;9.5864021;21.63
2025-08-24T11:26:44.202Z;46.6335411;9.5864499;20.13
2025-08-24T11:26:45.203Z;46.6333776;9.5864596;19.66
2025-08-24T11:26:49.203Z;46.632677;9.5866276;18.24
2025-08-24T11:26:54.203Z;46.631904;9.5869093;17.8
2025-08-24T11:26:59.202Z;46.6312096;9.587265;15.91
2025-08-24T11:27:03.203Z;46.6307421;9.5875994;13.21
2025-08-24T11:27:04.202Z;46.6306325;9.5876073;12.6
2025-08-24T11:27:09.203Z;46.6303076;9.5871599;10.3
2025-08-24T11:27:14.203Z;46.6304784;9.5865131;12.08
2025-08-24T11:27:19.202Z;46.630759;9.5858192;11.91
2025-08-24T11:27:24.203Z;46.6305775;9.5851686;11.66
2025-08-24T11:27:29.202Z;46.630022;9.5848923;14.41
2025-08-24T11:27:34.205Z;46.6293797;9.5845217;15.85
2025-08-24T11:27:39.203Z;46.6287343;9.5841242;16.27
2025-08-24T11:27:44.203Z;46.6279691;9.5842696;17.69
2025-08-24T11:27:49.202Z;46.6272168;9.5848466;19.88
2025-08-24T11:27:54.203Z;46.6264351;9.5854686;20.1
2025-08-24T11:27:59.203Z;46.6256482;9.5860703;18.75
2025-08-24T11:28:04.202Z;46.62514;9.5868939;16.6
2025-08-24T11:28:09.203Z;46.6246374;9.5876071;15.55
2025-08-24T11:28:14.204Z;46.6239814;9.5880244;16.94
2025-08-24T11:28:19.202Z;46.623393;9.5887838;18.21
2025-08-24T11:28:24.203Z;46.6227426;9.5895059;17.58
2025-08-24T11:28:29.203Z;46.6219725;9.5896739;17.44
2025-08-24T11:28:34.202Z;46.6211998;9.5898227;18.47
2025-08-24T11:28:39.203Z;46.6203485;9.5902843;20.83
2025-08-24T11:28:44.203Z;46.6194765;9.5908186;20.97
2025-08-24T11:28:49.203Z;46.6186532;9.5914619;21.05
2025-08-24T11:28:54.203Z;46.6177905;9.5919751;20.46
2025-08-24T11:28:59.203Z;46.6169361;9.5923467;19.44
2025-08-24T11:29:04.203Z;46.6162;9.5929135;18.41
2025-08-24T11:29:09.202Z;46.6154916;9.5935251;18.33
2025-08-24T11:29:13.202Z;46.6148303;9.5936377;18.24
2025-08-24T11:29:14.203Z;46.6146622;9.5936035;18.3
2025-08-24T11:29:19.203Z;46.6138837;9.5931201;19.33
2025-08-24T11:29:24.202Z;46.613133;9.5925028;19.55
2025-08-24T11:29:28.203Z;46.6125067;9.5920656;19.08
2025-08-24T11:29:29.204Z;46.6123414;9.5919977;18.99
2025-08-24T11:29:34.202Z;46.6115077;9.5918588;17.91
2025-08-24T11:29:39.202Z;46.6108286;9.5917529;13.88
2025-08-24T11:29:44.204Z;46.6103071;9.5916321;10.24
2025-08-24T11:29:49.204Z;46.6098504;9.5915772;10.38
2025-08-24T11:29:54.202Z;46.6094146;9.5916538;9.05
2025-08-24T11:29:59.203Z;46.6091751;9.5915826;3.27
2025-08-24T11:30:00.202Z;46.6091965;9.5915894;1.6
2025-08-24T11:30:04.202Z;46.6091422;9.5915732;0.58
2025-08-24T11:30:09.203Z;46.6089683;9.5915022;6.63
2025-08-24T11:30:14.203Z;46.6085736;9.5915531;9.96
2025-08-24T11:30:19.203Z;46.6080891;9.5917235;12.08
2025-08-24T11:30:24.203Z;46.6076015;9.5917023;9.19
2025-08-24T11:30:29.203Z;46.6071589;9.5916945;11.13
2025-08-24T11:30:34.202Z;46.6065917;9.5918374;14.46
2025-08-24T11:30:39.203Z;46.6059007;9.5920127;16.38
2025-08-24T11:30:44.203Z;46.6051654;9.5922008;17.27
2025-08-24T11:30:49.201Z;46.604372;9.5924019;18.33
2025-08-24T11:30:54.203Z;46.6035294;9.5926141;19.38
2025-08-24T11:30:59.204Z;46.6026938;9.5928335;18.88
2025-08-24T11:31:04.201Z;46.6018894;9.5930366;17.8
2025-08-24T11:31:09.202Z;46.6011156;9.5933028;17.13
2025-08-24T11:31:14.202Z;46.6004345;9.5937709;16.44
2025-08-24T11:31:19.202Z;46.5998422;9.5943612;16.19
2025-08-24T11:31:24.202Z;46.59925;9.5949707;15.33
2025-08-24T11:31:29.202Z;46.5987574;9.5954836;12.58
2025-08-24T11:31:34.202Z;46.5983287;9.5959708;11.66
2025-08-24T11:31:39.202Z;46.5979202;9.5964193;10.91
2025-08-24T11:31:44.202Z;46.5975171;9.5968339;10.44
2025-08-24T11:31:49.203Z;46.5971574;9.5972234;10.19
2025-08-24T11:31:54.202Z;46.59699;9.5974376;0.94
2025-08-24T11:31:59.202Z;46.5969464;9.5975164;3.08
2025-08-24T11:32:04.203Z;46.5967417;9.5978431;9.13
2025-08-24T11:32:09.202Z;46.5964692;9.5983834;10.27
2025-08-24T11:32:14.203Z;46.5962872;9.5988045;5.49
2025-08-24T11:32:19.202Z;46.5961787;9.5990393;4.3
2025-08-24T11:32:24.202Z;46.595998;9.5994159;9.13
2025-08-24T11:32:29.203Z;46.5957572;9.5999429;10.19
2025-08-24T11:32:34.202Z;46.595547;9.6004366;7.55
2025-08-24T11:32:39.202Z;46.5955422;9.6008206;4.69
2025-08-24T11:32:44.203Z;46.5954969;9.6009638;1.49
2025-08-24T11:32:49.202Z;46.5954638;9.6010102;0.0
2025-08-24T11:32:54.202Z;46.5954638;9.6010102;0.0
2025-08-24T11:32:59.202Z;46.5954638;9.6010102;0.0
2025-08-24T11:33:04.202Z;46.5954638;9.6010102;0.0
2025-08-24T11:33:09.202Z;46.5954638;9.6010102;0.0
2025-08-24T11:33:14.203Z;46.5954638;9.6010102;0.0
2025-08-24T11:33:19.202Z;46.5954638;9.6010102;0.0
2025-08-24T11:33:24.202Z;46.5954638;9.6010102;0.0
2025-08-24T11:33:29.202Z;46.5954638;9.6010102;0.0
2025-08-24T11:33:34.202Z;46.5954638;9.6010102;0.0
2025-08-24T11:33:39.202Z;46.5954638;9.6010102;0.0
2025-08-24T11:33:44.203Z;46.5954638;9.6010102;0.0
2025-08-24T11:33:49.202Z;46.5954638;9.6010102;0.0
2025-08-24T11:33:54.202Z;46.5954638;9.6010102;0.0
2025-08-24T11:33:59.203Z;46.5954638;9.6010102;0.0
2025-08-24T11:34:04.202Z;46.5954638;9.6010102;0.0
2025-08-24T11:34:09.202Z;46.5954638;9.6010102;0.0
2025-08-24T11:34:14.203Z;46.5954638;9.6010102;0.0
2025-08-24T11:34:19.202Z;46.5954638;9.6010102;0.0
2025-08-24T11:34:24.202Z;46.5954638;9.6010102;0.0
2025-08-24T11:34:29.202Z;46.5954638;9.6010102;0.0
2025-08-24T11:34:34.202Z;46.5954638;9.6010102;0.0
2025-08-24T11:34:39.202Z;46.5954626;9.6010098;0.0
2025-08-24T11:34:44.203Z;46.5954626;9.6010098;0.0
2025-08-24T11:34:49.202Z;46.5954626;9.6010098;0.0
2025-08-24T11:34:54.203Z;46.5954626;9.6010098;0.0
2025-08-24T11:34:59.202Z;46.5954626;9.6010098;0.0
2025-08-24T11:35:04.203Z;46.5954376;9.6010373;1.6
2025-08-24T11:35:09.203Z;46.5953597;9.6010313;0.91
2025-08-24T11:35:11.204Z;46.5953307;9.6010247;0.52
2025-08-24T11:35:14.204Z;46.5953046;9.6010217;1.63
2025-08-24T11:35:19.202Z;46.5951723;9.6012189;6.41
2025-08-24T11:35:24.202Z;46.5949399;9.6017109;11.02
2025-08-24T11:35:29.202Z;46.594632;9.6023713;12.77
2025-08-24T11:35:34.202Z;46.5942702;9.6031018;14.86
2025-08-24T11:35:39.203Z;46.5938949;9.6039478;16.11
2025-08-24T11:35:44.202Z;46.5934688;9.6048914;17.96
2025-08-24T11:35:49.202Z;46.5930147;9.6058765;18.27
2025-08-24T11:35:54.203Z;46.5925241;9.6068433;17.99
2025-08-24T11:35:59.203Z;46.5919302;9.6075929;17.77
2025-08-24T11:36:04.203Z;46.591326;9.6083654;18.08
2025-08-24T11:36:09.203Z;46.5906976;9.6091371;18.33
2025-08-24T11:36:14.203Z;46.5899249;9.609626;18.85
2025-08-24T11:36:19.202Z;46.5891315;9.6100623;18.8
2025-08-24T11:36:24.202Z;46.5883867;9.6106669;19.41
2025-08-24T11:36:29.203Z;46.5876565;9.6113241;19.1
2025-08-24T11:36:34.202Z;46.5869578;9.6119484;17.41
2025-08-24T11:36:36.202Z;46.5866778;9.6121955;16.77
2025-08-24T11:36:39.202Z;46.5863127;9.6125243;15.21
2025-08-24T11:36:44.202Z;46.5858219;9.6129887;12.38
2025-08-24T11:36:49.202Z;46.585438;9.6135263;11.99
2025-08-24T11:36:54.202Z;46.585046;9.6140767;11.66
2025-08-24T11:36:59.203Z;46.5846564;9.6146154;12.05
2025-08-24T11:37:04.202Z;46.5842723;9.615201;12.3
2025-08-24T11:37:08.203Z;46.5839751;9.6156002;10.58
2025-08-24T11:37:09.202Z;46.5838948;9.615656;10.13
2025-08-24T11:37:14.203Z;46.5835849;9.6160653;9.02
2025-08-24T11:37:19.202Z;46.5834261;9.6163445;2.94
2025-08-24T11:37:24.203Z;46.5833723;9.616535;3.13
2025-08-24T11:37:29.203Z;46.5833091;9.6167002;2.69
2025-08-24T11:37:34.203Z;46.5832426;9.6167616;0.46
2025-08-24T11:37:39.203Z;46.5832364;9.6167688;0.0
2025-08-24T11:37:44.203Z;46.5832363;9.6167691;0.38
2025-08-24T11:37:45.202Z;46.5832236;9.6167847;1.41
2025-08-24T11:37:49.202Z;46.5831952;9.6168214;1.71
2025-08-24T11:37:54.203Z;46.5830664;9.6169617;4.46
2025-08-24T11:37:59.203Z;46.5828579;9.6173648;9.63
2025-08-24T11:38:04.203Z;46.5825524;9.6178773;11.16
2025-08-24T11:38:09.202Z;46.5822285;9.6183947;10.63
2025-08-24T11:38:14.203Z;46.5818733;9.6187535;8.88
2025-08-24T11:38:19.203Z;46.5814965;9.6190875;10.74
2025-08-24T11:38:24.203Z;46.5810711;9.619464;10.99
2025-08-24T11:38:29.203Z;46.5806232;9.619861;12.91
2025-08-24T11:38:34.203Z;46.5801211;9.6203999;14.19
2025-08-24T11:38:39.203Z;46.5796622;9.6210605;15.38
2025-08-24T11:38:44.203Z;46.5791629;9.6218796;17.05
2025-08-24T11:38:49.203Z;46.5786499;9.622696;17.5
2025-08-24T11:38:54.203Z;46.5780619;9.6234388;16.77
2025-08-24T11:38:59.203Z;46.5774756;9.6240579;15.38
2025-08-24T11:39:02.203Z;46.5771673;9.6244012;13.91
2025-08-24T11:39:04.203Z;46.5770273;9.6246777;12.96
2025-08-24T11:39:09.203Z;46.5768152;9.6253571;9.58
2025-08-24T11:39:14.204Z;46.5764551;9.6253811;8.35
2025-08-24T11:39:19.203Z;46.576304;9.6248309;9.96
2025-08-24T11:39:24.204Z;46.5759897;9.6242595;12.05
2025-08-24T11:39:29.203Z;46.5755786;9.6236876;13.77
2025-08-24T11:39:34.203Z;46.5751465;9.6231195;12.13
2025-08-24T11:39:39.203Z;46.574811;9.6226477;8.83
2025-08-24T11:39:44.202Z;46.574534;9.6227475;6.94
2025-08-24T11:39:49.203Z;46.5742358;9.6230253;9.21
2025-08-24T11:39:54.202Z;46.5737849;9.6228831;11.13
2025-08-24T11:39:59.203Z;46.5732849;9.6227037;11.3
2025-08-24T11:40:04.203Z;46.5728691;9.6229432;10.52
2025-08-24T11:40:09.202Z;46.5724824;9.6233895;12.24
2025-08-24T11:40:14.203Z;46.5719139;9.6236422;13.91
2025-08-24T11:40:19.202Z;46.5712959;9.6238463;14.83
2025-08-24T11:40:24.203Z;46.5706607;9.6235756;15.08
2025-08-24T11:40:29.203Z;46.5701324;9.6230845;14.13
2025-08-24T11:40:34.203Z;46.5695113;9.6228062;15.19
2025-08-24T11:40:39.202Z;46.5688666;9.6226176;14.13
2025-08-24T11:40:44.204Z;46.5683027;9.6226415;12.77
2025-08-24T11:40:49.203Z;46.56782;9.6221614;13.44
2025-08-24T11:40:54.203Z;46.5673729;9.6216629;12.33
2025-08-24T11:40:59.203Z;46.5667974;9.6216762;13.75
2025-08-24T11:41:04.203Z;46.5661665;9.6218476;14.91
2025-08-24T11:41:09.203Z;46.5655037;9.6220321;15.0
2025-08-24T11:41:14.203Z;46.5648441;9.6218333;15.8
2025-08-24T11:41:19.203Z;46.5642558;9.6214111;14.24
2025-08-24T11:41:24.203Z;46.5636672;9.6213571;13.41
2025-08-24T11:41:29.203Z;46.5631764;9.6218736;12.91
2025-08-24T11:41:34.203Z;46.5628553;9.6223906;9.3
2025-08-24T11:41:39.203Z;46.5628299;9.6228262;6.94
2025-08-24T11:41:44.203Z;46.5628979;9.6233021;7.46
2025-08-24T11:41:49.203Z;46.5627088;9.6237801;9.13
2025-08-24T11:41:54.203Z;46.562265;9.6239685;11.27
2025-08-24T11:41:59.203Z;46.5617984;9.6242276;11.69
2025-08-24T11:42:04.203Z;46.5613483;9.6245446;10.49
2025-08-24T11:42:09.203Z;46.5609658;9.6245736;5.97
2025-08-24T11:42:14.203Z;46.5607989;9.6246937;4.35
2025-08-24T11:42:19.203Z;46.5606874;9.6247721;2.13
2025-08-24T11:42:20.203Z;46.5606873;9.6247666;1.63
2025-08-24T11:42:24.204Z;46.5606519;9.6247302;0.0
2025-08-24T11:42:29.204Z;46.5606532;9.6247279;0.0
2025-08-24T11:42:34.203Z;46.560639;9.624716;0.3
2025-08-24T11:42:39.202Z;46.5606131;9.6246768;0.77
2025-08-24T11:42:44.203Z;46.5604571;9.6246078;5.33
2025-08-24T11:42:49.202Z;46.5600753;9.6246148;10.55
2025-08-24T11:42:54.203Z;46.5595207;9.6246321;13.47
2025-08-24T11:42:59.203Z;46.5589257;9.6246535;13.44
2025-08-24T11:43:00.204Z;46.558781;9.6246613;13.49
2025-08-24T11:43:04.203Z;46.5582966;9.6246809;14.05
2025-08-24T11:43:09.204Z;46.5576679;9.6247209;13.52
2025-08-24T11:43:14.203Z;46.5570933;9.6247335;12.69
2025-08-24T11:43:18.203Z;46.5566325;9.6247767;13.08
2025-08-24T11:43:19.203Z;46.5565024;9.6247964;13.8
2025-08-24T11:43:24.204Z;46.5558111;9.6248245;17.1
2025-08-24T11:43:29.203Z;46.5549659;9.6248669;19.83
2025-08-24T11:43:34.204Z;46.5540298;9.6249074;21.71
2025-08-24T11:43:39.204Z;46.5530497;9.6249414;22.13
2025-08-24T11:43:44.203Z;46.5520415;9.6249738;22.41
2025-08-24T11:43:49.203Z;46.551027;9.625003;22.74
2025-08-24T11:43:54.202Z;46.5500093;9.6250349;22.27
2025-08-24T11:43:59.202Z;46.5490034;9.6250681;22.1
2025-08-24T11:44:04.202Z;46.5480305;9.6250983;21.94
2025-08-24T11:44:09.203Z;46.5470168;9.6251454;21.71
2025-08-24T11:44:14.203Z;46.5460553;9.6251853;21.35
2025-08-24T11:44:19.203Z;46.5450942;9.6252302;21.41
2025-08-24T11:44:24.203Z;46.5441314;9.6252711;21.25
2025-08-24T11:44:29.203Z;46.5431734;9.625291;22.08
2025-08-24T11:44:34.203Z;46.5421878;9.6251942;21.96
2025-08-24T11:44:39.203Z;46.5412061;9.6249921;21.6
2025-08-24T11:44:44.203Z;46.5402772;9.6247891;21.02
2025-08-24T11:44:49.203Z;46.5393449;9.6245896;20.6
2025-08-24T11:44:54.203Z;46.5384427;9.6244027;19.63
2025-08-24T11:44:59.204Z;46.5375947;9.6240831;18.99
2025-08-24T11:45:04.204Z;46.5367398;9.6240348;19.55
2025-08-24T11:45:09.204Z;46.5358677;9.624108;19.24
2025-08-24T11:45:14.204Z;46.5350158;9.6239119;19.86
2025-08-24T11:45:19.203Z;46.5341571;9.6234616;21.13
2025-08-24T11:45:24.204Z;46.533241;9.6229777;21.74
2025-08-24T11:45:29.203Z;46.532302;9.6224998;21.66
2025-08-24T11:45:34.202Z;46.53143;9.6220551;20.13
2025-08-24T11:45:39.203Z;46.5306047;9.6216369;19.33
2025-08-24T11:45:44.204Z;46.5297869;9.6212205;19.21
2025-08-24T11:45:49.203Z;46.5289777;9.620812;18.99
2025-08-24T11:45:54.203Z;46.5281875;9.6204085;18.02
2025-08-24T11:45:59.203Z;46.5274579;9.6200184;16.88
2025-08-24T11:46:04.204Z;46.5267773;9.6197309;15.33
2025-08-24T11:46:09.204Z;46.5261545;9.6197759;13.08
2025-08-24T11:46:14.204Z;46.5257601;9.6202586;11.19
2025-08-24T11:46:19.204Z;46.5253459;9.6205891;10.6
2025-08-24T11:46:24.204Z;46.5249343;9.6209086;10.97
2025-08-24T11:46:29.204Z;46.5245665;9.6211952;7.58
2025-08-24T11:46:34.203Z;46.5243419;9.6210288;5.74
2025-08-24T11:46:39.203Z;46.5242203;9.6206116;6.94
2025-08-24T11:46:44.203Z;46.5239824;9.6205437;4.77
2025-08-24T11:46:49.203Z;46.5239009;9.6205474;0.0
2025-08-24T11:46:54.204Z;46.5239009;9.6205474;0.0
2025-08-24T11:46:59.203Z;46.5239009;9.6205474;0.0
2025-08-24T11:47:04.203Z;46.5239009;9.6205474;0.0
2025-08-24T11:47:09.204Z;46.5238687;9.6205536;2.58
2025-08-24T11:47:14.204Z;46.523595;9.6206076;8.05
2025-08-24T11:47:19.204Z;46.5231797;9.6206388;10.44
2025-08-24T11:47:24.204Z;46.5226937;9.6208769;11.77
2025-08-24T11:47:29.204Z;46.5222908;9.6213112;12.13
2025-08-24T11:47:34.204Z;46.5218665;9.6218053;12.41
2025-08-24T11:47:39.204Z;46.5213767;9.6221601;12.77
2025-08-24T11:47:44.204Z;46.5211309;9.6228944;13.49
2025-08-24T11:47:49.204Z;46.5210921;9.6238179;14.52
2025-08-24T11:47:54.204Z;46.5209598;9.6247231;13.88
2025-08-24T11:47:59.204Z;46.5206597;9.6254233;13.44
2025-08-24T11:48:04.203Z;46.5201676;9.6259252;12.08
2025-08-24T11:48:09.204Z;46.519712;9.6259269;10.41
2025-08-24T11:48:14.203Z;46.519322;9.6255572;10.27
2025-08-24T11:48:19.203Z;46.5189579;9.6258537;10.19
2025-08-24T11:48:24.203Z;46.5188597;9.6266464;13.55
2025-08-24T11:48:29.203Z;46.5187784;9.6274655;12.88
2025-08-24T11:48:34.203Z;46.5186994;9.6281528;8.21
2025-08-24T11:48:39.203Z;46.5188044;9.6284728;6.05
2025-08-24T11:48:44.203Z;46.5191321;9.6287174;8.71
2025-08-24T11:48:48.203Z;46.5194364;9.628826;9.52
2025-08-24T11:48:49.203Z;46.519533;9.6288599;9.24
2025-08-24T11:48:54.204Z;46.5198092;9.6290627;5.58
2025-08-24T11:48:59.204Z;46.519788;9.6293527;4.6
2025-08-24T11:49:04.203Z;46.519937;9.6294597;3.49
2025-08-24T11:49:06.203Z;46.5199771;9.6294063;2.38
2025-08-24T11:49:09.203Z;46.5200009;9.6293189;0.88
2025-08-24T11:49:14.203Z;46.5198973;9.6291877;3.99
2025-08-24T11:49:19.204Z;46.5197511;9.6289464;5.05
2025-08-24T11:49:22.203Z;46.5195936;9.6288719;7.22
2025-08-24T11:49:24.204Z;46.5194263;9.6288124;8.85
2025-08-24T11:49:29.203Z;46.5190641;9.6286405;8.99
2025-08-24T11:49:34.203Z;46.5187958;9.628379;4.6
2025-08-24T11:49:35.203Z;46.518772;9.6283663;3.19
2025-08-24T11:49:39.204Z;46.5187274;9.6283527;0.0
2025-08-24T11:49:44.204Z;46.5186662;9.628403;2.6
2025-08-24T11:49:49.204Z;46.5186216;9.6287342;7.02
2025-08-24T11:49:54.201Z;46.5183636;9.62916;10.0
2025-08-24T11:49:59.203Z;46.5179079;9.6291471;10.83
2025-08-24T11:50:04.203Z;46.5174358;9.6289349;11.77
2025-08-24T11:50:09.203Z;46.5169473;9.6292415;12.66
2025-08-24T11:50:14.203Z;46.5167142;9.6299648;11.58
2025-08-24T11:50:19.203Z;46.5163997;9.6303796;8.96
2025-08-24T11:50:24.204Z;46.5161141;9.6300203;9.66
2025-08-24T11:50:29.204Z;46.5159559;9.6293485;12.13
2025-08-24T11:50:34.204Z;46.5155871;9.6287035;13.8
2025-08-24T11:50:39.204Z;46.5150114;9.6283155;14.86
2025-08-24T11:50:44.204Z;46.5144351;9.6279889;12.41
2025-08-24T11:50:49.202Z;46.5139751;9.6282045;11.27
2025-08-24T11:50:54.204Z;46.5136196;9.628812;13.55
2025-08-24T11:50:59.204Z;46.5132985;9.6295381;12.85
2025-08-24T11:51:04.204Z;46.5133684;9.6303199;12.38
2025-08-24T11:51:09.204Z;46.5133177;9.631031;10.13
2025-08-24T11:51:14.204Z;46.5133894;9.6314552;6.33
2025-08-24T11:51:19.202Z;46.513603;9.6311714;7.88
2025-08-24T11:51:24.203Z;46.5137651;9.6305797;11.16
2025-08-24T11:51:29.204Z;46.5138788;9.6298925;10.83
2025-08-24T11:51:34.204Z;46.5141246;9.6294031;8.44
2025-08-24T11:51:39.204Z;46.5144644;9.629599;9.52
2025-08-24T11:51:44.204Z;46.5143972;9.630203;10.99
2025-08-24T11:51:47.204Z;46.5142333;9.6305775;11.99
2025-08-24T11:51:49.204Z;46.514111;9.6308477;11.94
2025-08-24T11:51:54.204Z;46.5139682;9.6314745;10.85
2025-08-24T11:51:59.204Z;46.5139111;9.6321478;10.69
2025-08-24T11:52:04.203Z;46.5135134;9.6326439;12.96
2025-08-24T11:52:09.203Z;46.5130041;9.6331113;13.08
2025-08-24T11:52:14.204Z;46.5125416;9.6334986;11.44
2025-08-24T11:52:19.204Z;46.5121074;9.6335422;9.91
2025-08-24T11:52:24.202Z;46.5116739;9.6333804;10.85
2025-08-24T11:52:29.203Z;46.511176;9.6335225;11.05
2025-08-24T11:52:34.202Z;46.51079;9.6339087;11.16
2025-08-24T11:52:39.203Z;46.5104185;9.6344242;11.49
2025-08-24T11:52:44.202Z;46.5099329;9.6347069;12.19
2025-08-24T11:52:49.203Z;46.5095783;9.6350055;6.49
2025-08-24T11:52:54.201Z;46.5093275;9.6353977;9.94
2025-08-24T11:52:59.203Z;46.5089263;9.6358148;11.05
2025-08-24T11:53:04.202Z;46.5086885;9.6364534;11.16
2025-08-24T11:53:09.203Z;46.508283;9.636939;12.52
2025-08-24T11:53:14.202Z;46.5079069;9.6375252;13.33
2025-08-24T11:53:19.203Z;46.5074115;9.6381193;14.94
2025-08-24T11:53:24.202Z;46.506839;9.6387125;16.02
2025-08-24T11:53:29.203Z;46.5062918;9.6393363;15.41
2025-08-24T11:53:34.202Z;46.5056879;9.6398568;15.44
2025-08-24T11:53:39.202Z;46.5050251;9.6401542;15.88
2025-08-24T11:53:44.204Z;46.5043875;9.6406341;16.13
2025-08-24T11:53:49.204Z;46.5036946;9.6409576;15.52
2025-08-24T11:53:54.204Z;46.5030552;9.6411507;13.24
2025-08-24T11:53:59.204Z;46.5025116;9.6408465;13.77
2025-08-24T11:54:04.204Z;46.5019382;9.6406502;11.63
2025-08-24T11:54:09.202Z;46.5014772;9.6407698;11.11
2025-08-24T11:54:14.204Z;46.5010038;9.6412246;13.24
2025-08-24T11:54:19.202Z;46.5003738;9.6413359;15.58
2025-08-24T11:54:24.202Z;46.4996099;9.6414227;17.8
2025-08-24T11:54:29.204Z;46.4988092;9.6415759;18.27
2025-08-24T11:54:34.203Z;46.4980739;9.6417436;15.3
2025-08-24T11:54:39.204Z;46.4975111;9.6419052;10.8
2025-08-24T11:54:44.204Z;46.4972492;9.6421709;3.8
2025-08-24T11:54:49.203Z;46.4972129;9.6422198;0.49
2025-08-24T11:54:54.204Z;46.4971736;9.6424206;4.69
2025-08-24T11:54:59.204Z;46.4970735;9.6426213;3.16
2025-08-24T11:55:04.202Z;46.4970452;9.6426582;0.0
2025-08-24T11:55:09.202Z;46.4970452;9.6426582;0.0
2025-08-24T11:55:14.204Z;46.4970452;9.6426582;0.0
2025-08-24T11:55:19.204Z;46.4970452;9.6426582;0.0
2025-08-24T11:55:24.204Z;46.4970452;9.6426582;0.0
2025-08-24T11:55:29.205Z;46.4970452;9.6426582;0.0
2025-08-24T11:55:34.204Z;46.4970452;9.6426582;0.0
2025-08-24T11:55:39.203Z;46.4970452;9.6426582;0.0
2025-08-24T11:55:44.204Z;46.4970452;9.6426582;0.0
2025-08-24T11:55:49.203Z;46.4970452;9.6426582;0.0
2025-08-24T11:55:54.203Z;46.4970452;9.6426582;0.0
2025-08-24T11:55:59.202Z;46.4970452;9.6426582;0.0
2025-08-24T11:56:04.204Z;46.4970452;9.6426582;0.0
2025-08-24T11:56:09.202Z;46.4970452;9.6426582;0.0
2025-08-24T11:56:14.204Z;46.4970452;9.6426582;0.0
2025-08-24T11:56:19.204Z;46.4970452;9.6426582;0.0
2025-08-24T11:56:24.204Z;46.4970452;9.6426582;0.0
2025-08-24T11:56:29.202Z;46.4970452;9.6426582;0.0
2025-08-24T11:56:34.203Z;46.4970452;9.6426582;0.0
2025-08-24T11:56:38.204Z;46.4970452;9.6426582;0.0
2025-08-24T11:56:39.203Z;46.4970447;9.6426581;0.0
2025-08-24T11:56:44.201Z;46.4970447;9.6426581;0.0
2025-08-24T11:56:49.201Z;46.4970447;9.6426582;0.27
2025-08-24T11:56:54.202Z;46.496954;9.6427155;2.05
2025-08-24T11:56:59.202Z;46.4968959;9.6427083;1.44
2025-08-24T11:57:04.203Z;46.496755;9.6428508;6.27
2025-08-24T11:57:09.202Z;46.4964722;9.6432323;9.63
2025-08-24T11:57:14.201Z;46.4961093;9.6437567;12.16
2025-08-24T11:57:19.202Z;46.4957635;9.6443579;11.6
2025-08-24T11:57:24.202Z;46.4953148;9.6447633;12.38
2025-08-24T11:57:29.202Z;46.4948495;9.6451906;12.08
2025-08-24T11:57:34.203Z;46.4944422;9.6455198;9.3
2025-08-24T11:57:39.202Z;46.4941123;9.6453182;7.22
2025-08-24T11:57:44.202Z;46.4937267;9.6450714;10.85
2025-08-24T11:57:49.204Z;46.4932344;9.6447243;11.77
2025-08-24T11:57:54.202Z;46.4927208;9.6445347;12.46
2025-08-24T11:57:59.205Z;46.4922305;9.644491;10.05
2025-08-24T11:58:00.203Z;46.4921245;9.6444888;9.05
2025-08-24T11:58:04.203Z;46.4919248;9.6444918;4.02
2025-08-24T11:58:09.203Z;46.4916475;9.6445891;7.69
2025-08-24T11:58:14.202Z;46.4913077;9.6443589;9.86
2025-08-24T11:58:19.203Z;46.4911337;9.6437082;11.46
2025-08-24T11:58:24.203Z;46.4908778;9.6430325;11.27
2025-08-24T11:58:29.203Z;46.4904053;9.6428153;11.66
2025-08-24T11:58:34.202Z;46.4898935;9.6428452;10.21
2025-08-24T11:58:39.202Z;46.4896455;9.642391;9.44
2025-08-24T11:58:44.203Z;46.4893826;9.6418351;10.58
2025-08-24T11:58:49.202Z;46.4889203;9.6417156;11.8
2025-08-24T11:58:54.202Z;46.4883246;9.6418813;13.8
2025-08-24T11:58:59.204Z;46.4876681;9.6417122;16.27
2025-08-24T11:59:04.202Z;46.486931;9.6414875;16.8
2025-08-24T11:59:09.202Z;46.4861863;9.6415251;15.94
2025-08-24T11:59:14.203Z;46.4855288;9.641276;15.74
2025-08-24T11:59:19.202Z;46.4848294;9.6410729;14.94
2025-08-24T11:59:24.203Z;46.4842496;9.6412108;13.3
2025-08-24T11:59:29.203Z;46.4836746;9.6414492;14.05
2025-08-24T11:59:34.202Z;46.4830265;9.6414272;15.66
2025-08-24T11:59:39.203Z;46.4823193;9.6416976;16.58
2025-08-24T11:59:44.203Z;46.4815476;9.6416628;17.83
2025-08-24T11:59:49.204Z;46.4807159;9.6415987;18.8
2025-08-24T11:59:54.203Z;46.4799194;9.6418188;18.38
2025-08-24T11:59:59.203Z;46.4792497;9.6424855;18.05
2025-08-24T12:00:04.203Z;46.4788278;9.6434544;18.33
2025-08-24T12:00:09.203Z;46.4785947;9.6445879;18.1
2025-08-24T12:00:14.203Z;46.4780857;9.6454311;17.27
2025-08-24T12:00:19.203Z;46.4773586;9.6456995;17.41
2025-08-24T12:00:24.202Z;46.4765707;9.6459993;18.52
2025-08-24T12:00:29.203Z;46.4757504;9.646442;19.83
2025-08-24T12:00:34.203Z;46.4749346;9.6468676;19.44
2025-08-24T12:00:39.203Z;46.4741588;9.6472417;17.19
2025-08-24T12:00:44.204Z;46.4736038;9.6478541;14.66
2025-08-24T12:00:49.203Z;46.4733848;9.6487306;14.52
2025-08-24T12:00:54.203Z;46.4730485;9.6494881;13.83
2025-08-24T12:00:59.203Z;46.4724541;9.6495564;13.38
2025-08-24T12:01:04.202Z;46.4718277;9.6496021;14.21
2025-08-24T12:01:09.202Z;46.4712194;9.6496963;13.1
2025-08-24T12:01:14.202Z;46.4707181;9.649772;9.55
2025-08-24T12:01:19.203Z;46.4703326;9.6498295;7.13
2025-08-24T12:01:24.202Z;46.4701397;9.6499483;3.75
2025-08-24T12:01:29.203Z;46.4700745;9.6498252;1.6
2025-08-24T12:01:34.203Z;46.4701799;9.6497027;1.91
2025-08-24T12:01:39.203Z;46.4702017;9.6496934;0.6
2025-08-24T12:01:44.203Z;46.4701645;9.6497593;1.35
2025-08-24T12:01:49.203Z;46.4701217;9.6497638;0.44
2025-08-24T12:01:54.203Z;46.4701144;9.6497638;0.0
2025-08-24T12:01:59.213Z;46.4701144;9.6497638;0.0
2025-08-24T12:02:04.203Z;46.4701147;9.6497638;0.0
2025-08-24T12:02:09.203Z;46.4701147;9.6497638;0.0
2025-08-24T12:02:14.203Z;46.4701147;9.6497638;0.0
2025-08-24T12:02:19.203Z;46.4701147;9.6497638;0.0
2025-08-24T12:02:24.203Z;46.4701147;9.6497638;0.0
2025-08-24T12:02:29.202Z;46.4701147;9.6497638;0.0
2025-08-24T12:02:34.205Z;46.4701147;9.6497638;0.0
2025-08-24T12:02:39.203Z;46.4701147;9.6497638;0.0
2025-08-24T12:02:44.202Z;46.4701147;9.6497638;0.0
2025-08-24T12:02:49.204Z;46.4701147;9.6497638;0.0
2025-08-24T12:02:54.202Z;46.4701147;9.6497638;0.0
2025-08-24T12:02:59.203Z;46.4701147;9.6497638;0.0
2025-08-24T12:03:04.203Z;46.4701147;9.6497638;0.0
2025-08-24T12:03:09.204Z;46.4701147;9.6497638;0.0
2025-08-24T12:03:14.204Z;46.4701147;9.6497638;0.0
2025-08-24T12:03:19.203Z;46.4701147;9.6497638;0.0
2025-08-24T12:03:24.202Z;46.4701147;9.6497638;0.0
2025-08-24T12:03:29.203Z;46.4701147;9.6497638;0.0
2025-08-24T12:03:34.203Z;46.4701147;9.6497638;0.0
2025-08-24T12:03:39.204Z;46.4701147;9.6497638;0.0
2025-08-24T12:03:44.202Z;46.4701147;9.6497638;0.0
2025-08-24T12:03:49.203Z;46.4701147;9.6497638;0.0
2025-08-24T12:03:54.203Z;46.4701147;9.6497638;0.0
2025-08-24T12:03:59.203Z;46.4701147;9.6497638;0.0
2025-08-24T12:04:04.203Z;46.4701147;9.6497638;0.0
2025-08-24T12:04:09.203Z;46.4701147;9.6497638;0.0
2025-08-24T12:04:14.202Z;46.4701147;9.6497638;0.0
2025-08-24T12:04:19.203Z;46.4701147;9.6497638;0.0
2025-08-24T12:04:24.203Z;46.4701147;9.6497638;0.0
2025-08-24T12:04:29.203Z;46.4701147;9.6497638;0.0
2025-08-24T12:04:34.203Z;46.4701147;9.6497638;0.0
2025-08-24T12:04:39.204Z;46.4701147;9.6497638;0.0
2025-08-24T12:04:44.203Z;46.4701147;9.6497638;0.0
2025-08-24T12:04:49.203Z;46.4701147;9.6497638;0.0
2025-08-24T12:04:54.204Z;46.4701147;9.6497638;0.0
2025-08-24T12:04:59.204Z;46.4701147;9.6497638;0.0
2025-08-24T12:05:04.203Z;46.4701147;9.6497638;0.0
2025-08-24T12:05:08.204Z;46.4701147;9.6497638;0.0
2025-08-24T12:05:09.203Z;46.4701147;9.6497638;0.0
2025-08-24T12:05:14.204Z;46.4701147;9.6497638;0.0
2025-08-24T12:05:19.203Z;46.4701147;9.6497638;0.0
2025-08-24T12:05:24.202Z;46.4701147;9.6497638;0.0
2025-08-24T12:05:29.202Z;46.4701147;9.6497638;0.0
2025-08-24T12:05:34.203Z;46.4701147;9.6497638;0.0
2025-08-24T12:05:39.204Z;46.4701147;9.6497638;0.0
2025-08-24T12:05:44.203Z;46.4701147;9.6497638;0.0
2025-08-24T12:05:49.204Z;46.4701147;9.6497638;0.0
2025-08-24T12:05:54.203Z;46.4701147;9.6497638;0.0
2025-08-24T12:05:59.203Z;46.4701147;9.6497638;0.0
2025-08-24T12:06:04.203Z;46.4701147;9.6497638;0.0
2025-08-24T12:06:09.204Z;46.4701147;9.6497638;0.0
2025-08-24T12:06:14.204Z;46.4701147;9.6497638;0.0
2025-08-24T12:06:19.204Z;46.4701147;9.6497638;0.0
2025-08-24T12:06:24.204Z;46.4701147;9.6497638;0.0
2025-08-24T12:06:29.203Z;46.4701147;9.6497638;0.0
2025-08-24T12:06:34.205Z;46.4701147;9.6497638;0.0
2025-08-24T12:06:35.204Z;46.4701147;9.6497638;0.0
2025-08-24T12:06:39.204Z;46.4701147;9.6497638;0.0
2025-08-24T12:06:44.204Z;46.4701147;9.6497638;0.0
2025-08-24T12:06:49.204Z;46.4701147;9.6497638;0.0
2025-08-24T12:06:54.204Z;46.4701147;9.6497638;0.0
2025-08-24T12:06:59.203Z;46.4701147;9.6497638;0.0
2025-08-24T12:07:04.204Z;46.4701147;9.6497638;0.0
2025-08-24T12:07:09.204Z;46.4701147;9.6497638;0.0
2025-08-24T12:07:14.204Z;46.4701147;9.6497638;0.0
2025-08-24T12:07:19.204Z;46.4701147;9.6497638;0.0
2025-08-24T12:07:24.204Z;46.4701147;9.6497638;0.0
2025-08-24T12:07:29.205Z;46.4701147;9.6497638;0.0
2025-08-24T12:07:34.203Z;46.4701147;9.6497638;0.0
2025-08-24T12:07:39.204Z;46.4701147;9.6497638;0.0
2025-08-24T12:07:44.203Z;46.4701147;9.6497638;0.0
2025-08-24T12:07:49.203Z;46.4701147;9.6497638;0.0
2025-08-24T12:07:54.204Z;46.4701147;9.6497638;0.0
2025-08-24T12:07:59.204Z;46.4701147;9.6497638;0.0
2025-08-24T12:08:04.203Z;46.4701147;9.6497638;0.0
2025-08-24T12:08:09.204Z;46.4701147;9.6497638;0.0
2025-08-24T12:08:14.205Z;46.4701147;9.6497638;0.0
2025-08-24T12:08:19.204Z;46.4701147;9.6497638;0.0
2025-08-24T12:08:24.204Z;46.4701147;9.6497638;0.0
2025-08-24T12:08:29.204Z;46.4701147;9.6497638;0.0
2025-08-24T12:08:34.204Z;46.4701147;9.6497638;0.0
2025-08-24T12:08:39.204Z;46.4701147;9.6497638;0.0
2025-08-24T12:08:44.205Z;46.4701147;9.6497638;0.0
2025-08-24T12:08:49.204Z;46.4701147;9.6497638;0.0
2025-08-24T12:08:54.204Z;46.4701147;9.6497638;0.0
2025-08-24T12:08:59.204Z;46.4701147;9.6497638;0.0
2025-08-24T12:09:04.204Z;46.4701147;9.6497638;0.0
2025-08-24T12:09:09.204Z;46.4701147;9.6497638;0.0
2025-08-24T12:09:14.205Z;46.4701147;9.6497638;0.0
2025-08-24T12:09:19.204Z;46.4701147;9.6497638;0.0
2025-08-24T12:09:24.204Z;46.4701147;9.6497638;0.0
2025-08-24T12:09:29.205Z;46.4701147;9.6497638;0.0
2025-08-24T12:09:34.203Z;46.4701147;9.6497638;0.0
2025-08-24T12:09:39.204Z;46.4701147;9.6497638;0.0
2025-08-24T12:09:44.203Z;46.4701147;9.6497638;0.0
2025-08-24T12:09:49.204Z;46.4701147;9.6497638;0.0
2025-08-24T12:09:54.204Z;46.4701147;9.6497638;0.0
2025-08-24T12:09:59.204Z;46.4701147;9.6497638;0.0
2025-08-24T12:10:04.203Z;46.4701147;9.6497638;0.0
2025-08-24T12:10:09.205Z;46.4701147;9.6497638;0.0
2025-08-24T12:10:14.204Z;46.4701147;9.6497638;0.0
2025-08-24T12:10:19.204Z;46.4701147;9.6497638;0.0
2025-08-24T12:10:24.205Z;46.4701147;9.6497638;0.0
2025-08-24T12:10:29.205Z;46.4701147;9.6497638;0.0
2025-08-24T12:10:34.203Z;46.4701147;9.6497638;0.0
2025-08-24T12:10:39.204Z;46.4701147;9.6497638;0.0
2025-08-24T12:10:44.204Z;46.4701147;9.6497638;0.0
2025-08-24T12:10:49.203Z;46.4701147;9.6497638;0.0
2025-08-24T12:10:54.204Z;46.4701147;9.6497638;0.0
2025-08-24T12:10:59.204Z;46.4701147;9.6497638;0.0
2025-08-24T12:11:00.203Z;46.4701147;9.6497638;0.0
2025-08-24T12:11:04.203Z;46.4701147;9.6497638;0.0
2025-08-24T12:11:09.204Z;46.4701147;9.6497638;0.0
2025-08-24T12:11:14.204Z;46.4701147;9.6497638;0.0
2025-08-24T12:11:19.204Z;46.4701147;9.6497638;0.0
2025-08-24T12:11:24.204Z;46.4701147;9.6497638;0.0
2025-08-24T12:11:29.203Z;46.4701147;9.6497638;0.0
2025-08-24T12:11:34.204Z;46.4701147;9.6497638;0.0
2025-08-24T12:11:39.204Z;46.4701147;9.6497638;0.0
2025-08-24T12:11:44.204Z;46.4701147;9.6497638;0.0
2025-08-24T12:11:49.204Z;46.4701147;9.6497638;0.0
2025-08-24T12:11:54.204Z;46.4701147;9.6497638;0.0
2025-08-24T12:11:59.204Z;46.4701147;9.6497638;0.0
2025-08-24T12:12:04.204Z;46.4701147;9.6497638;0.0
2025-08-24T12:12:09.204Z;46.4701147;9.6497638;0.0
2025-08-24T12:12:14.204Z;46.4701147;9.6497638;0.0
2025-08-24T12:12:19.203Z;46.4701147;9.6497638;0.0
2025-08-24T12:12:24.204Z;46.4701147;9.6497638;0.0
2025-08-24T12:12:29.204Z;46.4701147;9.6497638;0.0
2025-08-24T12:12:34.204Z;46.4701147;9.6497638;0.0
2025-08-24T12:12:39.204Z;46.4701147;9.6497638;0.0
2025-08-24T12:12:44.203Z;46.4701147;9.6497638;0.0
2025-08-24T12:12:49.204Z;46.4701147;9.6497638;0.0
2025-08-24T12:12:54.204Z;46.4701147;9.6497638;0.0
2025-08-24T12:12:59.203Z;46.4701147;9.6497638;0.0
2025-08-24T12:13:04.204Z;46.4701147;9.6497638;0.0
2025-08-24T12:13:09.205Z;46.4701147;9.6497638;0.0
2025-08-24T12:13:14.204Z;46.4701147;9.6497638;0.0
2025-08-24T12:13:19.204Z;46.4701147;9.6497638;0.0
2025-08-24T12:13:24.205Z;46.4701147;9.6497638;0.0
2025-08-24T12:13:29.205Z;46.4701147;9.6497638;0.0
2025-08-24T12:13:34.204Z;46.4701147;9.6497638;0.0
2025-08-24T12:13:39.204Z;46.4701147;9.6497638;0.0
2025-08-24T12:13:44.205Z;46.4701147;9.6497638;0.0
2025-08-24T12:13:49.204Z;46.4701147;9.6497638;0.0
2025-08-24T12:13:54.204Z;46.4701147;9.6497638;0.0
2025-08-24T12:13:59.205Z;46.4701147;9.6497638;0.0
2025-08-24T12:14:04.203Z;46.4701147;9.6497638;0.0
2025-08-24T12:14:09.204Z;46.4701147;9.6497638;0.0
2025-08-24T12:14:14.204Z;46.4701147;9.6497638;0.0
2025-08-24T12:14:19.204Z;46.4701147;9.6497638;0.0
2025-08-24T12:14:24.204Z;46.4701147;9.6497638;0.0
2025-08-24T12:14:29.204Z;46.4701147;9.6497638;0.0
2025-08-24T12:14:34.204Z;46.4701147;9.6497638;0.0
2025-08-24T12:14:39.204Z;46.4701147;9.6497638;0.0
2025-08-24T12:14:44.204Z;46.4701147;9.6497638;0.0
2025-08-24T12:14:49.203Z;46.4701147;9.6497638;0.0
2025-08-24T12:14:54.204Z;46.4701147;9.6497638;0.0
2025-08-24T12:14:59.204Z;46.4701147;9.6497638;0.0
2025-08-24T12:15:04.204Z;46.4701147;9.6497638;0.0
2025-08-24T12:15:09.203Z;46.4701147;9.6497638;0.0
2025-08-24T12:15:14.204Z;46.4701147;9.6497638;0.0
2025-08-24T12:15:19.204Z;46.4701147;9.6497638;0.0
2025-08-24T12:15:24.204Z;46.4701147;9.6497638;0.0
2025-08-24T12:15:29.204Z;46.4701147;9.6497638;0.0
2025-08-24T12:15:34.204Z;46.4701147;9.6497638;0.0
2025-08-24T12:15:39.204Z;46.4701147;9.6497638;0.0
2025-08-24T12:15:44.204Z;46.4701147;9.6497638;0.0
2025-08-24T12:15:49.205Z;46.4701147;9.6497638;0.0
2025-08-24T12:15:50.204Z;46.4701147;9.6497638;0.0
2025-08-24T12:15:54.204Z;46.4701147;9.6497638;0.0
2025-08-24T12:15:59.204Z;46.4701147;9.6497638;0.0
2025-08-24T12:16:04.204Z;46.4701147;9.6497638;0.0
2025-08-24T12:16:09.204Z;46.4701147;9.6497638;0.0
2025-08-24T12:16:14.204Z;46.4701147;9.6497638;0.0
2025-08-24T12:16:19.204Z;46.4701147;9.6497638;0.0
2025-08-24T12:16:24.204Z;46.4701147;9.6497638;0.0
2025-08-24T12:16:29.204Z;46.4701147;9.6497638;0.0
2025-08-24T12:16:34.204Z;46.4701147;9.6497638;0.0
2025-08-24T12:16:39.204Z;46.4701147;9.6497638;0.0
2025-08-24T12:16:44.204Z;46.4701147;9.6497638;0.0
2025-08-24T12:16:49.204Z;46.4701147;9.6497638;0.0
2025-08-24T12:16:54.204Z;46.4701147;9.6497638;0.0
2025-08-24T12:16:59.204Z;46.4701147;9.6497638;0.0
2025-08-24T12:17:01.204Z;46.4701147;9.6497638;0.0
2025-08-24T12:17:04.204Z;46.4701147;9.6497638;0.0
2025-08-24T12:17:09.204Z;46.4701147;9.6497638;0.0
2025-08-24T12:17:12.204Z;46.4701147;9.6497638;0.0
2025-08-24T12:17:14.204Z;46.4701147;9.6497638;0.0
2025-08-24T12:17:19.204Z;46.4701147;9.6497638;0.0
2025-08-24T12:17:24.204Z;46.4701147;9.6497638;0.0
2025-08-24T12:17:29.204Z;46.4701147;9.6497638;0.0
2025-08-24T12:17:34.205Z;46.4701147;9.6497638;0.0
2025-08-24T12:17:39.204Z;46.4701147;9.6497638;0.0
2025-08-24T12:17:44.204Z;46.4701147;9.6497638;0.0
2025-08-24T12:17:49.204Z;46.4701147;9.6497638;0.0
2025-08-24T12:17:54.203Z;46.4701147;9.6497638;0.0
2025-08-24T12:17:56.202Z;46.4701147;9.6497638;0.0
2025-08-24T12:17:59.202Z;46.4701147;9.6497638;0.0
2025-08-24T12:18:04.203Z;46.4701147;9.6497638;0.0
2025-08-24T12:18:09.203Z;46.4701147;9.6497638;0.0
2025-08-24T12:18:14.202Z;46.4701147;9.6497638;0.0
2025-08-24T12:18:19.203Z;46.4701147;9.6497638;0.0
2025-08-24T12:18:24.204Z;46.4701147;9.6497638;0.0
2025-08-24T12:18:28.204Z;46.4701147;9.6497638;0.0
2025-08-24T12:18:29.202Z;46.4701147;9.6497638;0.0
2025-08-24T12:18:34.203Z;46.4701147;9.6497638;0.0
2025-08-24T12:18:39.204Z;46.4701147;9.6497638;0.0
2025-08-24T12:18:44.203Z;46.4701147;9.6497638;0.0
2025-08-24T12:18:49.202Z;46.4701147;9.6497638;0.0
2025-08-24T12:18:54.203Z;46.4701147;9.6497638;0.0
2025-08-24T12:18:59.204Z;46.4701147;9.6497638;0.0
2025-08-24T12:19:04.203Z;46.4701147;9.6497638;0.0
2025-08-24T12:19:09.205Z;46.4701147;9.6497638;0.0
2025-08-24T12:19:14.206Z;46.4701147;9.6497638;0.0
2025-08-24T12:19:19.203Z;46.4701147;9.6497638;0.0
2025-08-24T12:19:24.203Z;46.4701147;9.6497638;0.0
2025-08-24T12:19:29.203Z;46.4701147;9.6497638;0.0
2025-08-24T12:19:34.203Z;46.4701147;9.6497638;0.0
2025-08-24T12:19:39.203Z;46.4701147;9.6497638;0.0
2025-08-24T12:19:44.203Z;46.4701147;9.6497638;0.0
2025-08-24T12:19:49.203Z;46.4701147;9.6497638;0.0
2025-08-24T12:19:54.204Z;46.4701147;9.6497638;0.0
2025-08-24T12:19:59.203Z;46.4701147;9.6497638;0.0
2025-08-24T12:20:04.203Z;46.4701147;9.6497638;0.0
2025-08-24T12:20:09.203Z;46.4701147;9.6497638;0.0
2025-08-24T12:20:14.203Z;46.4701147;9.6497638;0.0
2025-08-24T12:20:17.203Z;46.4701147;9.6497638;0.0
2025-08-24T12:20:19.203Z;46.4701147;9.6497638;0.0
2025-08-24T12:20:24.205Z;46.4701147;9.6497638;0.0
2025-08-24T12:20:29.203Z;46.4701147;9.6497638;0.0
2025-08-24T12:20:34.203Z;46.4701147;9.6497638;0.0
2025-08-24T12:20:39.205Z;46.4701147;9.6497638;0.0
2025-08-24T12:20:44.204Z;46.4701147;9.6497638;0.0
2025-08-24T12:20:49.203Z;46.4701147;9.6497638;0.0
2025-08-24T12:20:54.203Z;46.4701147;9.6497638;0.0
2025-08-24T12:20:59.204Z;46.4701147;9.6497638;0.0
2025-08-24T12:21:04.205Z;46.4701147;9.6497638;0.0
2025-08-24T12:21:09.205Z;46.4701147;9.6497638;0.0
2025-08-24T12:21:14.203Z;46.4701147;9.6497638;0.0
2025-08-24T12:21:19.203Z;46.4701147;9.6497638;0.0
2025-08-24T12:21:24.205Z;46.4701147;9.6497638;0.0
2025-08-24T12:21:29.204Z;46.4701147;9.6497638;0.0
2025-08-24T12:21:34.204Z;46.4701147;9.6497638;0.0
2025-08-24T12:21:39.204Z;46.4701147;9.6497638;0.0
2025-08-24T12:21:44.204Z;46.4701147;9.6497638;0.0
2025-08-24T12:21:49.203Z;46.4701147;9.6497638;0.0
2025-08-24T12:21:54.203Z;46.4701147;9.6497638;0.0
2025-08-24T12:21:59.203Z;46.4701147;9.6497638;0.0
2025-08-24T12:22:04.203Z;46.4701147;9.6497638;0.0
2025-08-24T12:22:09.203Z;46.4701147;9.6497638;0.0
