time;latitude;longitude;velocity
2025-08-28T14:36:03.405Z;46.782997;9.5420778;10.04
2025-08-28T14:36:08.407Z;46.7834331;9.5419377;9.77
2025-08-28T14:36:13.412Z;46.783816;9.5416945;9.96
2025-08-28T14:36:18.421Z;46.784228;9.5413108;11.01
2025-08-28T14:36:23.409Z;46.7845619;9.5407895;11.23
2025-08-28T14:36:28.407Z;46.784859;9.5401911;11.41
time;latitude;longitude;velocity
2025-08-28T14:36:03.405Z;46.782997;9.5420778;10.04
2025-08-28T14:36:08.407Z;46.7834331;9.5419377;9.77
2025-08-28T14:36:13.412Z;46.783816;9.5416945;9.96
2025-08-28T14:36:18.421Z;46.784228;9.5413108;11.01
2025-08-28T14:36:23.409Z;46.7845619;9.5407895;11.23
2025-08-28T14:36:28.407Z;46.784859;9.5401911;11.41
