time;latitude;longitude;velocity
2025-08-23T05:32:21.807Z;47.1718118;8.9804811;8.96
2025-08-23T05:32:26.805Z;47.1715672;8.979977;9.38
2025-08-23T05:32:31.805Z;47.1713398;8.9795031;9.16
2025-08-23T05:32:36.813Z;47.1711437;8.9789679;9.13
2025-08-23T05:32:41.814Z;47.1710076;8.9784208;9.41
2025-08-23T05:32:46.809Z;47.170859;8.9778164;9.83
2025-08-23T05:32:51.815Z;47.1707134;8.9772342;9.52
2025-08-23T05:32:56.807Z;47.1705841;8.9767097;7.74
2025-08-23T05:33:01.804Z;47.1704886;8.9763335;5.52
2025-08-23T05:33:06.81time;latitude;longitude;velocity
2025-08-23T05:32:21.807Z;47.1718118;8.9804811;8.96
2025-08-23T05:32:26.805Z;47.1715672;8.979977;9.38
2025-08-23T05:32:31.805Z;47.1713398;8.9795031;9.16
2025-08-23T05:32:36.813Z;47.1711437;8.9789679;9.13
2025-08-23T05:32:41.814Z;47.1710076;8.9784208;9.41
2025-08-23T05:32:46.809Z;47.170859;8.9778164;9.83
2025-08-23T05:32:51.815Z;47.1707134;8.9772342;9.52
2025-08-23T05:32:56.807Z;47.1705841;8.9767097;7.74
2025-08-23T05:33:01.804Z;47.1704886;8.9763335;5.52
2025-08-23T05:33:06.814Z;47.1703236;8.976022;6.3
2025-08-23T05:33:11.808Z;47.1700867;8.9757172;6.99
2025-08-23T05:33:16.812Z;47.1699042;8.9755027;3.91
2025-08-23T05:33:21.817Z;47.1698684;8.9754638;0.0
2025-08-23T05:33:26.803Z;47.1698685;8.9754638;0.0
2025-08-23T05:33:31.808Z;47.1698617;8.975455;0.46
2025-08-23T05:33:36.813Z;47.1698506;8.9754404;0.63
2025-08-23T05:33:41.815Z;47.1697189;8.9755262;3.91
2025-08-23T05:33:46.809Z;47.1695432;8.9758526;8.13
2025-08-23T05:33:51.814Z;47.1693052;8.9763676;9.77
2025-08-23T05:33:56.805Z;47.14Z;47.1703236;8.976022;6.3
2025-08-23T05:33:11.808Z;47.1700867;8.9757172;6.99
2025-08-23T05:33:16.812Z;47.1699042;8.9755027;3.91
2025-08-23T05:33:21.817Z;47.1698684;8.9754638;0.0
2025-08-23T05:33:26.803Z;47.1698685;8.9754638;0.0
2025-08-23T05:33:31.808Z;47.1698617;8.975455;0.46
2025-08-23T05:33:36.813Z;47.1698506;8.9754404;0.63
2025-08-23T05:33:41.815Z;47.1697189;8.9755262;3.91
2025-08-23T05:33:46.809Z;47.1695432;8.9758526;8.13
2025-08-23T05:33:51.814Z;47.1693052;8.9763676;9.77
2025-08-23T05:33:56.805Z;47.1690345;8.9769688;11.6
2025-08-23T05:34:01.814Z;47.1687515;8.9775858;12.19
2025-08-23T05:34:06.824Z;47.1684474;8.9782549;11.83
2025-08-23T05:34:11.809Z;47.1682084;8.9789004;11.08
2025-08-23T05:34:16.823Z;47.1680245;8.9795541;10.6
2025-08-23T05:34:21.807Z;47.1678432;8.980199;11.19
2025-08-23T05:34:26.807Z;47.1676545;8.9808641;11.35
2025-08-23T05:34:31.812Z;47.1674577;8.9815862;11.58
2025-08-23T05:34:36.806Z;47.167266;8.9822645;11.96
2025-08-23T05:34:41.815Z;47.1670602;8.9830018;12.69
2025-08-23T05:34:46.810Z;690345;8.9769688;11.6
2025-08-23T05:34:01.814Z;47.1687515;8.9775858;12.19
2025-08-23T05:34:06.824Z;47.1684474;8.9782549;11.83
2025-08-23T05:34:11.809Z;47.1682084;8.9789004;11.08
2025-08-23T05:34:16.823Z;47.1680245;8.9795541;10.6
2025-08-23T05:34:21.807Z;47.1678432;8.980199;11.19
2025-08-23T05:34:26.807Z;47.1676545;8.9808641;11.35
2025-08-23T05:34:31.812Z;47.1674577;8.9815862;11.58
2025-08-23T05:34:36.806Z;47.167266;8.9822645;11.96
2025-08-23T05:34:41.815Z;47.1670602;8.9830018;12.69
2025-08-23T05:34:46.810Z;47.1668329;8.9838031;13.63
2025-08-23T05:34:51.806Z;47.1666008;8.9846331;14.35
2025-08-23T05:34:56.816Z;47.1663513;8.9855197;14.96
2025-08-23T05:35:01.818Z;47.1660967;8.9864305;15.08
2025-08-23T05:35:06.825Z;47.1658561;8.9872981;14.55
2025-08-23T05:35:11.807Z;47.1656106;8.9881848;14.55
2025-08-23T05:35:16.819Z;47.1653713;8.9890417;14.44
2025-08-23T05:35:21.815Z;47.1651288;8.989906;14.24
2025-08-23T05:35:26.822Z;47.1648863;8.99078;14.52
2025-08-23T05:35:31.813Z;47.1646505;8.9916364;14.41
2025-08-23T05:35:36.47.1668329;8.9838031;13.63
2025-08-23T05:34:51.806Z;47.1666008;8.9846331;14.35
2025-08-23T05:34:56.816Z;47.1663513;8.9855197;14.96
2025-08-23T05:35:01.818Z;47.1660967;8.9864305;15.08
2025-08-23T05:35:06.825Z;47.1658561;8.9872981;14.55
2025-08-23T05:35:11.807Z;47.1656106;8.9881848;14.55
2025-08-23T05:35:16.819Z;47.1653713;8.9890417;14.44
2025-08-23T05:35:21.815Z;47.1651288;8.989906;14.24
2025-08-23T05:35:26.822Z;47.1648863;8.99078;14.52
2025-08-23T05:35:31.813Z;47.1646505;8.9916364;14.41
2025-08-23T05:35:36.820Z;47.1644004;8.992526;14.58
2025-08-23T05:35:41.823Z;47.1641287;8.9933346;14.05
2025-08-23T05:35:46.814Z;47.1637933;8.994091;13.58
2025-08-23T05:35:51.805Z;47.1634689;8.9948381;13.99
2025-08-23T05:35:56.818Z;47.1631055;8.9956635;15.66
2025-08-23T05:36:01.813Z;47.16272;8.9965425;16.05
2025-08-23T05:36:06.818Z;47.1623526;8.9973929;15.02
2025-08-23T05:36:11.807Z;47.1619847;8.998157;14.16
2025-08-23T05:36:16.806Z;47.1616562;8.9989681;15.46
2025-08-23T05:36:17.812Z;47.1615795;8.9991413;15.88
2025-08-23T05:36:820Z;47.1644004;8.992526;14.58
2025-08-23T05:35:41.823Z;47.1641287;8.9933346;14.05
2025-08-23T05:35:46.814Z;47.1637933;8.994091;13.58
2025-08-23T05:35:51.805Z;47.1634689;8.9948381;13.99
2025-08-23T05:35:56.818Z;47.1631055;8.9956635;15.66
2025-08-23T05:36:01.813Z;47.16272;8.9965425;16.05
2025-08-23T05:36:06.818Z;47.1623526;8.9973929;15.02
2025-08-23T05:36:11.807Z;47.1619847;8.998157;14.16
2025-08-23T05:36:16.806Z;47.1616562;8.9989681;15.46
2025-08-23T05:36:17.812Z;47.1615795;8.9991413;15.88
2025-08-23T05:36:21.805Z;47.1612768;8.9998353;16.13
2025-08-23T05:36:26.812Z;47.1608746;9.0007408;16.85
2025-08-23T05:36:31.810Z;47.1604672;9.0016898;17.36
2025-08-23T05:36:36.825Z;47.160048;9.0026492;18.27
2025-08-23T05:36:38.815Z;47.1598683;9.0030613;19.19
2025-08-23T05:36:41.806Z;47.1595885;9.0037023;19.66
2025-08-23T05:36:46.820Z;47.1591057;9.0048035;20.16
21.805Z;47.1612768;8.9998353;16.13
2025-08-23T05:36:26.812Z;47.1608746;9.0007408;16.85
2025-08-23T05:36:31.810Z;47.1604672;9.0016898;17.36
2025-08-23T05:36:36.825Z;47.160048;9.0026492;18.27
2025-08-23T05:36:38.815Z;47.1598683;9.0030613;19.19
2025-08-23T05:36:41.806Z;47.1595885;9.0037023;19.66
2025-08-23T05:36:46.820Z;47.1591057;9.0048035;20.16
