time;latitude;longitude;velocity
2025-08-25T20:38:59.019Z;46.4808978;6.414799;10.6
2025-08-25T20:39:04.016Z;46.4812906;6.4151893;10.07
2025-08-25T20:39:06.005Z;46.481465;6.4153248;9.81
2025-08-25T20:39:09.015Z;46.4817004;6.4154502;9.66
2025-08-25T20:39:14.024Z;46.4820208;6.4156168;5.94
2025-08-25T20:39:19.017Z;46.4822163;6.4157239;4.41
2025-08-25T20:39:24.007Z;46.4824712;6.4156679;7.33
2025-08-25T20:39:29.008Z;46.4828122;6.4156221;7.31
2025-08-25T20:39:34.016Z;46.4831132;6.4158125;7.57
2025-08-25T20:39:39.011Z;46.483325;6.4160292;4.12
2025-08-25T20:39:44.025Z;46.4833722;6.416082;0.0
time;latitude;longitude;velocity
2025-08-25T20:38:59.019Z;46.4808978;6.414799;10.6
2025-08-25T20:39:04.016Z;46.4812906;6.4151893;10.07
2025-08-25T20:39:06.005Z;46.481465;6.4153248;9.81
2025-08-25T20:39:09.015Z;46.4817004;6.4154502;9.66
2025-08-25T20:39:14.024Z;46.4820208;6.4156168;5.94
2025-08-25T20:39:19.017Z;46.4822163;6.4157239;4.41
2025-08-25T20:39:24.007Z;46.4824712;6.4156679;7.33
2025-08-25T20:39:29.008Z;46.4828122;6.4156221;7.31
2025-08-25T20:39:34.016Z;46.4831132;6.4158125;7.57
2025-08-25T20:39:39.011Z;46.483325;6.4160292;4.12
2025-08-25T20:39:44.025Z;46.4833722;6.416082;0.0
