time;latitude;longitude;velocity
2025-08-25T20:24:20.820Z;47.2847526;8.9814519;12.55
2025-08-25T20:24:25.805Z;47.285257;8.9818252;12.1
2025-08-25T20:24:30.815Z;47.2857381;8.9821397;11.08
2025-08-25T20:24:35.813Z;47.2861976;8.9823404;11.38
2025-08-25T20:24:40.816Z;47.2867229;8.9823488;11.6
2025-08-25T20:24:41.806Z;47.2868331;8.9823977;11.6
2025-08-25T20:24:45.822Z;47.2871894;8.9826922;11.91
time;latitude;longitude;velocity
2025-08-25T20:24:20.820Z;47.2847526;8.9814519;12.55
2025-08-25T20:24:25.805Z;47.285257;8.9818252;12.1
2025-08-25T20:24:30.815Z;47.2857381;8.9821397;11.08
2025-08-25T20:24:35.813Z;47.2861976;8.9823404;11.38
2025-08-25T20:24:40.816Z;47.2867229;8.9823488;11.6
2025-08-25T20:24:41.806Z;47.2868331;8.9823977;11.6
2025-08-25T20:24:45.822Z;47.2871894;8.9826922;11.91
